0;0.918718;5000.000000;0:1
1;0.827410;5000.000000;0:1
2;0.879231;5000.000000;0:1
3;0.914048;5000.000000;0:1
4;0.840290;5000.000000;0:1
5;0.617647;5000.000000;0:1
6;0.912991;5000.000000;0:1
7;0.976924;5000.000000;0:1
8;0.795892;5000.000000;0:1
9;0.915368;5000.000000;0:1
10;0.663213;5000.000000;0:1
11;0.958113;5000.000000;0:1
12;0.910025;5000.000000;0:1
13;0.738970;5000.000000;0:1
14;0.939114;5000.000000;0:1
15;0.925568;5000.000000;0:1
16;0.616409;5000.000000;0:1
17;0.680626;5000.000000;0:1
18;0.721053;5000.000000;0:1
19;0.754312;5000.000000;0:1
20;0.922098;5000.000000;0:1
21;0.673764;5000.000000;0:1
22;0.882846;5000.000000;0:1
23;0.886280;5000.000000;0:1
24;0.611035;5000.000000;0:1
25;0.694838;5000.000000;0:1
26;0.835725;5000.000000;0:1
27;0.820478;5000.000000;0:1
28;0.806797;5000.000000;0:1
29;0.626297;5000.000000;0:1
30;0.976859;5000.000000;0:1
31;0.999446;5000.000000;0:1
32;0.707400;5000.000000;0:1
33;0.667048;5000.000000;0:1
34;0.689817;5000.000000;0:1
35;0.717205;5000.000000;0:1
36;0.820200;5000.000000;0:1
37;0.646327;5000.000000;0:1
38;0.823953;5000.000000;0:1
39;0.930931;5000.000000;0:1
40;0.891769;5000.000000;0:1
41;0.928223;5000.000000;0:1
42;0.641116;5000.000000;0:1
43;0.774781;5000.000000;0:1
44;0.675731;5000.000000;0:1
45;0.981563;5000.000000;0:1
46;0.843065;5000.000000;0:1
47;0.666682;5000.000000;0:1
48;0.942778;5000.000000;0:1
49;0.743993;5000.000000;0:1
50;0.996195;5000.000000;0:1
51;0.985728;5000.000000;0:1
52;0.627825;5000.000000;0:1
53;0.627383;5000.000000;0:1
54;0.697582;5000.000000;0:1
55;0.926912;5000.000000;0:1
56;0.789148;5000.000000;0:1
57;0.868398;5000.000000;0:1
58;0.887415;5000.000000;0:1
59;0.810856;5000.000000;0:1
60;0.778168;5000.000000;0:1
61;0.968247;5000.000000;0:1
62;0.948033;5000.000000;0:1
63;0.687864;5000.000000;0:1
64;0.611428;5000.000000;0:1
65;0.780911;5000.000000;0:1
66;0.755029;5000.000000;0:1
67;0.861181;5000.000000;0:1
68;0.724637;5000.000000;0:1
69;0.711445;5000.000000;0:1
70;0.752491;5000.000000;0:1
71;0.690895;5000.000000;0:1
72;0.903273;5000.000000;0:1
73;0.816372;5000.000000;0:1
74;0.992842;5000.000000;0:1
75;0.832607;5000.000000;0:1
76;0.717406;5000.000000;0:1
77;0.628733;5000.000000;0:1
78;0.821678;5000.000000;0:1
79;0.701824;5000.000000;0:1
80;0.716431;5000.000000;0:1
81;0.813306;5000.000000;0:1
82;0.901935;5000.000000;0:1
83;0.881710;5000.000000;0:1
84;0.811589;5000.000000;0:1
85;0.958042;5000.000000;0:1
86;0.857785;5000.000000;0:1
87;0.892806;5000.000000;0:1
88;0.849679;5000.000000;0:1
89;0.737195;5000.000000;0:1
90;0.759009;5000.000000;0:1
91;0.619298;5000.000000;0:1
92;0.680423;5000.000000;0:1
93;0.672989;5000.000000;0:1
94;0.624224;5000.000000;0:1
95;0.630788;5000.000000;0:1
96;0.817833;5000.000000;0:1
97;0.673422;5000.000000;0:1
98;0.770473;5000.000000;0:1
99;0.906286;5000.000000;0:1
100;0.655169;5000.000000;0:1
101;0.904810;5000.000000;0:1
102;0.863734;5000.000000;0:1
103;0.773126;5000.000000;0:1
104;0.784398;5000.000000;0:1
105;0.843940;5000.000000;0:1
106;0.633351;5000.000000;0:1
107;0.620156;5000.000000;0:1
108;0.860874;5000.000000;0:1
109;0.607334;5000.000000;0:1
110;0.704002;5000.000000;0:1
111;0.743227;5000.000000;0:1
112;0.703982;5000.000000;0:1
113;0.649032;5000.000000;0:1
114;0.869240;5000.000000;0:1
115;0.870624;5000.000000;0:1
116;0.847372;5000.000000;0:1
117;0.961408;5000.000000;0:1
118;0.650141;5000.000000;0:1
119;0.908959;5000.000000;0:1
120;0.777263;5000.000000;0:1
121;0.785618;5000.000000;0:1
122;0.954406;5000.000000;0:1
123;0.903347;5000.000000;0:1
124;0.787339;5000.000000;0:1
125;0.869086;5000.000000;0:1
126;0.866415;5000.000000;0:1
127;0.747891;5000.000000;0:1
128;0.938329;5000.000000;0:1
129;0.809866;5000.000000;0:1
130;0.701198;5000.000000;0:1
131;0.770316;5000.000000;0:1
132;0.870532;5000.000000;0:1
133;0.635537;5000.000000;0:1
134;0.826632;5000.000000;0:1
135;0.717540;5000.000000;0:1
136;0.754792;5000.000000;0:1
137;0.732823;5000.000000;0:1
138;0.845041;5000.000000;0:1
139;0.659835;5000.000000;0:1
140;0.754224;5000.000000;0:1
141;0.770199;5000.000000;0:1
142;0.856717;5000.000000;0:1
143;0.977397;5000.000000;0:1
144;0.866509;5000.000000;0:1
145;0.842568;5000.000000;0:1
146;0.744947;5000.000000;0:1
147;0.917949;5000.000000;0:1
148;0.922398;5000.000000;0:1
149;0.848851;5000.000000;0:1
150;0.697097;5000.000000;0:1
151;0.789681;5000.000000;0:1
152;0.604029;5000.000000;0:1
153;0.799323;5000.000000;0:1
154;0.948605;5000.000000;0:1
155;0.974206;5000.000000;0:1
156;0.849251;5000.000000;0:1
157;0.694586;5000.000000;0:1
158;0.870466;5000.000000;0:1
159;0.828767;5000.000000;0:1
160;0.910836;5000.000000;0:1
161;0.670497;5000.000000;0:1
162;0.600783;5000.000000;0:1
163;0.761646;5000.000000;0:1
164;0.692719;5000.000000;0:1
165;0.690599;5000.000000;0:1
166;0.903264;5000.000000;0:1
167;0.645312;5000.000000;0:1
168;0.664899;5000.000000;0:1
169;0.739807;5000.000000;0:1
170;0.629596;5000.000000;0:1
171;0.843794;5000.000000;0:1
172;0.747788;5000.000000;0:1
173;0.721906;5000.000000;0:1
174;0.696269;5000.000000;0:1
175;0.797520;5000.000000;0:1
176;0.645762;5000.000000;0:1
177;0.762380;5000.000000;0:1
178;0.641699;5000.000000;0:1
179;0.785368;5000.000000;0:1
180;0.965570;5000.000000;0:1
181;0.912158;5000.000000;0:1
182;0.672333;5000.000000;0:1
183;0.671347;5000.000000;0:1
184;0.837585;5000.000000;0:1
185;0.996004;5000.000000;0:1
186;0.800749;5000.000000;0:1
187;0.771144;5000.000000;0:1
188;0.786474;5000.000000;0:1
189;0.710603;5000.000000;0:1
190;0.907890;5000.000000;0:1
191;0.659584;5000.000000;0:1
192;0.997993;5000.000000;0:1
193;0.706105;5000.000000;0:1
194;0.699880;5000.000000;0:1
195;0.860083;5000.000000;0:1
196;0.733092;5000.000000;0:1
197;0.656915;5000.000000;0:1
198;0.725056;5000.000000;0:1
199;0.968377;5000.000000;0:1
200;0.609640;5000.000000;0:1
201;0.998009;5000.000000;0:1
202;0.678465;5000.000000;0:1
203;0.857184;5000.000000;0:1
204;0.857677;5000.000000;0:1
205;0.768352;5000.000000;0:1
206;0.696283;5000.000000;0:1
207;0.863291;5000.000000;0:1
208;0.920935;5000.000000;0:1
209;0.893631;5000.000000;0:1
210;0.626292;5000.000000;0:1
211;0.970114;5000.000000;0:1
212;0.617993;5000.000000;0:1
213;0.609327;5000.000000;0:1
214;0.870386;5000.000000;0:1
215;0.934295;5000.000000;0:1
216;0.740839;5000.000000;0:1
217;0.602820;5000.000000;0:1
218;0.683050;5000.000000;0:1
219;0.968515;5000.000000;0:1
220;0.626360;5000.000000;0:1
221;0.664796;5000.000000;0:1
222;0.608963;5000.000000;0:1
223;0.828584;5000.000000;0:1
224;0.765371;5000.000000;0:1
225;0.998865;5000.000000;0:1
226;0.721262;5000.000000;0:1
227;0.831949;5000.000000;0:1
228;0.639032;5000.000000;0:1
229;0.816595;5000.000000;0:1
230;0.769011;5000.000000;0:1
231;0.693411;5000.000000;0:1
232;0.800102;5000.000000;0:1
233;0.840002;5000.000000;0:1
234;0.665377;5000.000000;0:1
235;0.894063;5000.000000;0:1
236;0.986800;5000.000000;0:1
237;0.682748;5000.000000;0:1
238;0.612106;5000.000000;0:1
239;0.611521;5000.000000;0:1
240;0.620241;5000.000000;0:1
241;0.689376;5000.000000;0:1
242;0.807319;5000.000000;0:1
243;0.834781;5000.000000;0:1
244;0.709222;5000.000000;0:1
245;0.855492;5000.000000;0:1
246;0.963941;5000.000000;0:1
247;0.625920;5000.000000;0:1
248;0.751144;5000.000000;0:1
249;0.606080;5000.000000;0:1
250;0.709124;5000.000000;0:1
251;0.736254;5000.000000;0:1
252;0.797890;5000.000000;0:1
253;0.982708;5000.000000;0:1
254;0.602897;5000.000000;0:1
255;0.996889;5000.000000;0:1
256;0.643733;5000.000000;0:1
257;0.714821;5000.000000;0:1
258;0.913131;5000.000000;0:1
259;0.873589;5000.000000;0:1
260;0.741352;5000.000000;0:1
261;0.936579;5000.000000;0:1
262;0.905837;5000.000000;0:1
263;0.710055;5000.000000;0:1
264;0.906456;5000.000000;0:1
265;0.943704;5000.000000;0:1
266;0.977550;5000.000000;0:1
267;0.985915;5000.000000;0:1
268;0.941926;5000.000000;0:1
269;0.973509;5000.000000;0:1
270;0.967774;5000.000000;0:1
271;0.646996;5000.000000;0:1
272;0.883934;5000.000000;0:1
273;0.811597;5000.000000;0:1
274;0.970604;5000.000000;0:1
275;0.890303;5000.000000;0:1
276;0.912078;5000.000000;0:1
277;0.660124;5000.000000;0:1
278;0.616011;5000.000000;0:1
279;0.994948;5000.000000;0:1
280;0.825449;5000.000000;0:1
281;0.773354;5000.000000;0:1
282;0.936221;5000.000000;0:1
283;0.849867;5000.000000;0:1
284;0.979066;5000.000000;0:1
285;0.611647;5000.000000;0:1
286;0.931897;5000.000000;0:1
287;0.751692;5000.000000;0:1
288;0.723719;5000.000000;0:1
289;0.985091;5000.000000;0:1
290;0.773339;5000.000000;0:1
291;0.854391;5000.000000;0:1
292;0.814716;5000.000000;0:1
293;0.675032;5000.000000;0:1
294;0.734575;5000.000000;0:1
295;0.748375;5000.000000;0:1
296;0.889286;5000.000000;0:1
297;0.769173;5000.000000;0:1
298;0.869496;5000.000000;0:1
299;0.634235;5000.000000;0:1
300;0.627408;5000.000000;0:1
301;0.895610;5000.000000;0:1
302;0.901103;5000.000000;0:1
303;0.671510;5000.000000;0:1
304;0.824766;5000.000000;0:1
305;0.808941;5000.000000;0:1
306;0.844406;5000.000000;0:1
307;0.733625;5000.000000;0:1
308;0.631469;5000.000000;0:1
309;0.601983;5000.000000;0:1
310;0.791646;5000.000000;0:1
311;0.749727;5000.000000;0:1
312;0.978731;5000.000000;0:1
313;0.731321;5000.000000;0:1
314;0.887103;5000.000000;0:1
315;0.621247;5000.000000;0:1
316;0.984508;5000.000000;0:1
317;0.715860;5000.000000;0:1
318;0.699625;5000.000000;0:1
319;0.703128;5000.000000;0:1
320;0.677636;5000.000000;0:1
321;0.948869;5000.000000;0:1
322;0.609243;5000.000000;0:1
323;0.970978;5000.000000;0:1
324;0.956640;5000.000000;0:1
325;0.623659;5000.000000;0:1
326;0.794760;5000.000000;0:1
327;0.739749;5000.000000;0:1
328;0.795334;5000.000000;0:1
329;0.739935;5000.000000;0:1
330;0.754992;5000.000000;0:1
331;0.840091;5000.000000;0:1
332;0.950116;5000.000000;0:1
333;0.852475;5000.000000;0:1
334;0.758521;5000.000000;0:1
335;0.809597;5000.000000;0:1
336;0.950323;5000.000000;0:1
337;0.932073;5000.000000;0:1
338;0.731445;5000.000000;0:1
339;0.630441;5000.000000;0:1
340;0.695566;5000.000000;0:1
341;0.985636;5000.000000;0:1
342;0.933828;5000.000000;0:1
343;0.691299;5000.000000;0:1
344;0.676424;5000.000000;0:1
345;0.914296;5000.000000;0:1
346;0.871352;5000.000000;0:1
347;0.636193;5000.000000;0:1
348;0.614722;5000.000000;0:1
349;0.838206;5000.000000;0:1
350;0.634611;5000.000000;0:1
351;0.787499;5000.000000;0:1
352;0.750883;5000.000000;0:1
353;0.783482;5000.000000;0:1
354;0.623472;5000.000000;0:1
355;0.776829;5000.000000;0:1
356;0.674859;5000.000000;0:1
357;0.688190;5000.000000;0:1
358;0.858564;5000.000000;0:1
359;0.720642;5000.000000;0:1
360;0.821722;5000.000000;0:1
361;0.657092;5000.000000;0:1
362;0.794266;5000.000000;0:1
363;0.867235;5000.000000;0:1
364;0.900117;5000.000000;0:1
365;0.817647;5000.000000;0:1
366;0.870623;5000.000000;0:1
367;0.795121;5000.000000;0:1
368;0.622913;5000.000000;0:1
369;0.892207;5000.000000;0:1
370;0.622349;5000.000000;0:1
371;0.712745;5000.000000;0:1
372;0.841248;5000.000000;0:1
373;0.870455;5000.000000;0:1
374;0.733756;5000.000000;0:1
375;0.902668;5000.000000;0:1
376;0.707537;5000.000000;0:1
377;0.617043;5000.000000;0:1
378;0.812225;5000.000000;0:1
379;0.977923;5000.000000;0:1
380;0.970393;5000.000000;0:1
381;0.678796;5000.000000;0:1
382;0.729223;5000.000000;0:1
383;0.773539;5000.000000;0:1
384;0.743456;5000.000000;0:1
385;0.709772;5000.000000;0:1
386;0.615969;5000.000000;0:1
387;0.937721;5000.000000;0:1
388;0.774626;5000.000000;0:1
389;0.736267;5000.000000;0:1
390;0.749064;5000.000000;0:1
391;0.784637;5000.000000;0:1
392;0.836255;5000.000000;0:1
393;0.877300;5000.000000;0:1
394;0.794793;5000.000000;0:1
395;0.624247;5000.000000;0:1
396;0.745146;5000.000000;0:1
397;0.661959;5000.000000;0:1
398;0.779148;5000.000000;0:1
399;0.620797;5000.000000;0:1
400;0.613036;5000.000000;0:1
401;0.739066;5000.000000;0:1
402;0.703238;5000.000000;0:1
403;0.816156;5000.000000;0:1
404;0.861831;5000.000000;0:1
405;0.797136;5000.000000;0:1
406;0.705371;5000.000000;0:1
407;0.630026;5000.000000;0:1
408;0.690711;5000.000000;0:1
409;0.745578;5000.000000;0:1
410;0.945778;5000.000000;0:1
411;0.842138;5000.000000;0:1
412;0.817647;5000.000000;0:1
413;0.652714;5000.000000;0:1
414;0.800840;5000.000000;0:1
415;0.898220;5000.000000;0:1
416;0.922785;5000.000000;0:1
417;0.690894;5000.000000;0:1
418;0.910310;5000.000000;0:1
419;0.907178;5000.000000;0:1
420;0.637430;5000.000000;0:1
421;0.629281;5000.000000;0:1
422;0.706022;5000.000000;0:1
423;0.747951;5000.000000;0:1
424;0.994924;5000.000000;0:1
425;0.688103;5000.000000;0:1
426;0.669402;5000.000000;0:1
427;0.814383;5000.000000;0:1
428;0.843666;5000.000000;0:1
429;0.824178;5000.000000;0:1
430;0.787925;5000.000000;0:1
431;0.919970;5000.000000;0:1
432;0.837395;5000.000000;0:1
433;0.932525;5000.000000;0:1
434;0.792302;5000.000000;0:1
435;0.958728;5000.000000;0:1
436;0.706638;5000.000000;0:1
437;0.713178;5000.000000;0:1
438;0.749675;5000.000000;0:1
439;0.865680;5000.000000;0:1
440;0.935748;5000.000000;0:1
441;0.626556;5000.000000;0:1
442;0.752227;5000.000000;0:1
443;0.970507;5000.000000;0:1
444;0.835568;5000.000000;0:1
445;0.829748;5000.000000;0:1
446;0.833666;5000.000000;0:1
447;0.866005;5000.000000;0:1
448;0.849648;5000.000000;0:1
449;0.919672;5000.000000;0:1
450;0.792161;5000.000000;0:1
451;0.751196;5000.000000;0:1
452;0.702682;5000.000000;0:1
453;0.762695;5000.000000;0:1
454;0.619413;5000.000000;0:1
455;0.726014;5000.000000;0:1
456;0.807779;5000.000000;0:1
457;0.714305;5000.000000;0:1
458;0.669245;5000.000000;0:1
459;0.780569;5000.000000;0:1
460;0.967478;5000.000000;0:1
461;0.824505;5000.000000;0:1
462;0.767953;5000.000000;0:1
463;0.635120;5000.000000;0:1
464;0.848202;5000.000000;0:1
465;0.601903;5000.000000;0:1
466;0.970790;5000.000000;0:1
467;0.799953;5000.000000;0:1
468;0.930336;5000.000000;0:1
469;0.915664;5000.000000;0:1
470;0.792050;5000.000000;0:1
471;0.940295;5000.000000;0:1
472;0.680435;5000.000000;0:1
473;0.789906;5000.000000;0:1
474;0.979443;5000.000000;0:1
475;0.865763;5000.000000;0:1
476;0.823373;5000.000000;0:1
477;0.868667;5000.000000;0:1
478;0.938773;5000.000000;0:1
479;0.734550;5000.000000;0:1
480;0.732394;5000.000000;0:1
481;0.757642;5000.000000;0:1
482;0.952910;5000.000000;0:1
483;0.949709;5000.000000;0:1
484;0.625599;5000.000000;0:1
485;0.824195;5000.000000;0:1
486;0.927999;5000.000000;0:1
487;0.798779;5000.000000;0:1
488;0.760232;5000.000000;0:1
489;0.955680;5000.000000;0:1
490;0.788304;5000.000000;0:1
491;0.629764;5000.000000;0:1
492;0.889628;5000.000000;0:1
493;0.779893;5000.000000;0:1
494;0.854714;5000.000000;0:1
495;0.694418;5000.000000;0:1
496;0.939226;5000.000000;0:1
497;0.666803;5000.000000;0:1
498;0.745433;5000.000000;0:1
499;0.664642;5000.000000;0:1
500;0.748617;5000.000000;0:1
501;0.901237;5000.000000;0:1
502;0.664844;5000.000000;0:1
503;0.983271;5000.000000;0:1
504;0.805706;5000.000000;0:1
505;0.610757;5000.000000;0:1
506;0.860664;5000.000000;0:1
507;0.871179;5000.000000;0:1
508;0.627728;5000.000000;0:1
509;0.989294;5000.000000;0:1
510;0.675942;5000.000000;0:1
511;0.966632;5000.000000;0:1
512;0.630644;5000.000000;1:1
513;0.779456;5000.000000;1:1
514;0.984750;5000.000000;1:1
515;0.668656;5000.000000;1:1
516;0.835425;5000.000000;1:1
517;0.675034;5000.000000;1:1
518;0.898197;5000.000000;1:1
519;0.972888;5000.000000;1:1
520;0.720360;5000.000000;1:1
521;0.914599;5000.000000;1:1
522;0.891205;5000.000000;1:1
523;0.993019;5000.000000;1:1
524;0.856823;5000.000000;1:1
525;0.792035;5000.000000;1:1
526;0.797352;5000.000000;1:1
527;0.965774;5000.000000;1:1
528;0.612803;5000.000000;1:1
529;0.614566;5000.000000;1:1
530;0.781214;5000.000000;1:1
531;0.781956;5000.000000;1:1
532;0.834641;5000.000000;1:1
533;0.622339;5000.000000;1:1
534;0.915652;5000.000000;1:1
535;0.796065;5000.000000;1:1
536;0.673841;5000.000000;1:1
537;0.889055;5000.000000;1:1
538;0.981645;5000.000000;1:1
539;0.946379;5000.000000;1:1
540;0.743887;5000.000000;1:1
541;0.779633;5000.000000;1:1
542;0.819554;5000.000000;1:1
543;0.809905;5000.000000;1:1
544;0.763430;5000.000000;1:1
545;0.997949;5000.000000;1:1
546;0.706457;5000.000000;1:1
547;0.707407;5000.000000;1:1
548;0.993082;5000.000000;1:1
549;0.613941;5000.000000;1:1
550;0.727647;5000.000000;1:1
551;0.933884;5000.000000;1:1
552;0.855798;5000.000000;1:1
553;0.847419;5000.000000;1:1
554;0.665450;5000.000000;1:1
555;0.718049;5000.000000;1:1
556;0.694677;5000.000000;1:1
557;0.927733;5000.000000;1:1
558;0.706035;5000.000000;1:1
559;0.987190;5000.000000;1:1
560;0.933693;5000.000000;1:1
561;0.973968;5000.000000;1:1
562;0.813433;5000.000000;1:1
563;0.680114;5000.000000;1:1
564;0.796651;5000.000000;1:1
565;0.967839;5000.000000;1:1
566;0.711669;5000.000000;1:1
567;0.872268;5000.000000;1:1
568;0.743252;5000.000000;1:1
569;0.822578;5000.000000;1:1
570;0.798896;5000.000000;1:1
571;0.735879;5000.000000;1:1
572;0.609689;5000.000000;1:1
573;0.955854;5000.000000;1:1
574;0.703387;5000.000000;1:1
575;0.609955;5000.000000;1:1
576;0.985593;5000.000000;1:1
577;0.920101;5000.000000;1:1
578;0.826557;5000.000000;1:1
579;0.715454;5000.000000;1:1
580;0.898632;5000.000000;1:1
581;0.668839;5000.000000;1:1
582;0.710748;5000.000000;1:1
583;0.961442;5000.000000;1:1
584;0.824462;5000.000000;1:1
585;0.626312;5000.000000;1:1
586;0.884672;5000.000000;1:1
587;0.778259;5000.000000;1:1
588;0.839348;5000.000000;1:1
589;0.720129;5000.000000;1:1
590;0.732243;5000.000000;1:1
591;0.888663;5000.000000;1:1
592;0.767382;5000.000000;1:1
593;0.922638;5000.000000;1:1
594;0.757241;5000.000000;1:1
595;0.738714;5000.000000;1:1
596;0.785330;5000.000000;1:1
597;0.687469;5000.000000;1:1
598;0.836082;5000.000000;1:1
599;0.978370;5000.000000;1:1
600;0.716359;5000.000000;1:1
601;0.851208;5000.000000;1:1
602;0.944275;5000.000000;1:1
603;0.695652;5000.000000;1:1
604;0.888106;5000.000000;1:1
605;0.986423;5000.000000;1:1
606;0.791636;5000.000000;1:1
607;0.717722;5000.000000;1:1
608;0.860342;5000.000000;1:1
609;0.868498;5000.000000;1:1
610;0.969348;5000.000000;1:1
611;0.602891;5000.000000;1:1
612;0.720325;5000.000000;1:1
613;0.669645;5000.000000;1:1
614;0.807461;5000.000000;1:1
615;0.789852;5000.000000;1:1
616;0.717131;5000.000000;1:1
617;0.902531;5000.000000;1:1
618;0.692154;5000.000000;1:1
619;0.979808;5000.000000;1:1
620;0.623952;5000.000000;1:1
621;0.698267;5000.000000;1:1
622;0.769048;5000.000000;1:1
623;0.832771;5000.000000;1:1
624;0.684982;5000.000000;1:1
625;0.657784;5000.000000;1:1
626;0.679466;5000.000000;1:1
627;0.624332;5000.000000;1:1
628;0.652724;5000.000000;1:1
629;0.643400;5000.000000;1:1
630;0.908733;5000.000000;1:1
631;0.645305;5000.000000;1:1
632;0.981959;5000.000000;1:1
633;0.971307;5000.000000;1:1
634;0.601437;5000.000000;1:1
635;0.764074;5000.000000;1:1
636;0.766233;5000.000000;1:1
637;0.622695;5000.000000;1:1
638;0.780109;5000.000000;1:1
639;0.890328;5000.000000;1:1
640;0.998824;5000.000000;1:1
641;0.735750;5000.000000;1:1
642;0.716248;5000.000000;1:1
643;0.938436;5000.000000;1:1
644;0.705910;5000.000000;1:1
645;0.898970;5000.000000;1:1
646;0.694269;5000.000000;1:1
647;0.969962;5000.000000;1:1
648;0.736357;5000.000000;1:1
649;0.984902;5000.000000;1:1
650;0.727788;5000.000000;1:1
651;0.846714;5000.000000;1:1
652;0.846937;5000.000000;1:1
653;0.739375;5000.000000;1:1
654;0.697074;5000.000000;1:1
655;0.752779;5000.000000;1:1
656;0.914298;5000.000000;1:1
657;0.906512;5000.000000;1:1
658;0.766098;5000.000000;1:1
659;0.819916;5000.000000;1:1
660;0.788768;5000.000000;1:1
661;0.733037;5000.000000;1:1
662;0.640314;5000.000000;1:1
663;0.848573;5000.000000;1:1
664;0.969385;5000.000000;1:1
665;0.753253;5000.000000;1:1
666;0.613812;5000.000000;1:1
667;0.732336;5000.000000;1:1
668;0.898592;5000.000000;1:1
669;0.925208;5000.000000;1:1
670;0.636089;5000.000000;1:1
671;0.664006;5000.000000;1:1
672;0.677998;5000.000000;1:1
673;0.954486;5000.000000;1:1
674;0.896879;5000.000000;1:1
675;0.720210;5000.000000;1:1
676;0.999342;5000.000000;1:1
677;0.600376;5000.000000;1:1
678;0.981252;5000.000000;1:1
679;0.975640;5000.000000;1:1
680;0.998672;5000.000000;1:1
681;0.746069;5000.000000;1:1
682;0.706892;5000.000000;1:1
683;0.891158;5000.000000;1:1
684;0.994897;5000.000000;1:1
685;0.987882;5000.000000;1:1
686;0.656543;5000.000000;1:1
687;0.793971;5000.000000;1:1
688;0.896002;5000.000000;1:1
689;0.677722;5000.000000;1:1
690;0.653364;5000.000000;1:1
691;0.798929;5000.000000;1:1
692;0.875890;5000.000000;1:1
693;0.939822;5000.000000;1:1
694;0.614300;5000.000000;1:1
695;0.813795;5000.000000;1:1
696;0.849089;5000.000000;1:1
697;0.984986;5000.000000;1:1
698;0.711825;5000.000000;1:1
699;0.797899;5000.000000;1:1
700;0.947949;5000.000000;1:1
701;0.837220;5000.000000;1:1
702;0.697992;5000.000000;1:1
703;0.822637;5000.000000;1:1
704;0.713389;5000.000000;1:1
705;0.795627;5000.000000;1:1
706;0.821994;5000.000000;1:1
707;0.707407;5000.000000;1:1
708;0.673490;5000.000000;1:1
709;0.906290;5000.000000;1:1
710;0.855032;5000.000000;1:1
711;0.822951;5000.000000;1:1
712;0.703126;5000.000000;1:1
713;0.628099;5000.000000;1:1
714;0.776806;5000.000000;1:1
715;0.894543;5000.000000;1:1
716;0.671382;5000.000000;1:1
717;0.905961;5000.000000;1:1
718;0.985582;5000.000000;1:1
719;0.839581;5000.000000;1:1
720;0.981154;5000.000000;1:1
721;0.806549;5000.000000;1:1
722;0.615880;5000.000000;1:1
723;0.769752;5000.000000;1:1
724;0.785269;5000.000000;1:1
725;0.623263;5000.000000;1:1
726;0.849682;5000.000000;1:1
727;0.802285;5000.000000;1:1
728;0.723928;5000.000000;1:1
729;0.971018;5000.000000;1:1
730;0.983273;5000.000000;1:1
731;0.888698;5000.000000;1:1
732;0.950408;5000.000000;1:1
733;0.981439;5000.000000;1:1
734;0.967990;5000.000000;1:1
735;0.907803;5000.000000;1:1
736;0.743829;5000.000000;1:1
737;0.708028;5000.000000;1:1
738;0.740724;5000.000000;1:1
739;0.666061;5000.000000;1:1
740;0.671823;5000.000000;1:1
741;0.843150;5000.000000;1:1
742;0.752568;5000.000000;1:1
743;0.784881;5000.000000;1:1
744;0.996896;5000.000000;1:1
745;0.915096;5000.000000;1:1
746;0.688549;5000.000000;1:1
747;0.635055;5000.000000;1:1
748;0.722286;5000.000000;1:1
749;0.781753;5000.000000;1:1
750;0.779296;5000.000000;1:1
751;0.758739;5000.000000;1:1
752;0.722096;5000.000000;1:1
753;0.692818;5000.000000;1:1
754;0.759530;5000.000000;1:1
755;0.670724;5000.000000;1:1
756;0.955757;5000.000000;1:1
757;0.675513;5000.000000;1:1
758;0.774100;5000.000000;1:1
759;0.984931;5000.000000;1:1
760;0.885082;5000.000000;1:1
761;0.970704;5000.000000;1:1
762;0.665450;5000.000000;1:1
763;0.783670;5000.000000;1:1
764;0.787286;5000.000000;1:1
765;0.651877;5000.000000;1:1
766;0.898233;5000.000000;1:1
767;0.861078;5000.000000;1:1
768;0.834689;5000.000000;1:1
769;0.730965;5000.000000;1:1
770;0.844200;5000.000000;1:1
771;0.636374;5000.000000;1:1
772;0.911130;5000.000000;1:1
773;0.697869;5000.000000;1:1
774;0.856842;5000.000000;1:1
775;0.773349;5000.000000;1:1
776;0.680154;5000.000000;1:1
777;0.917412;5000.000000;1:1
778;0.965654;5000.000000;1:1
779;0.844924;5000.000000;1:1
780;0.827640;5000.000000;1:1
781;0.629758;5000.000000;1:1
782;0.668376;5000.000000;1:1
783;0.651998;5000.000000;1:1
784;0.792545;5000.000000;1:1
785;0.990265;5000.000000;1:1
786;0.997309;5000.000000;1:1
787;0.897835;5000.000000;1:1
788;0.774844;5000.000000;1:1
789;0.609452;5000.000000;1:1
790;0.716319;5000.000000;1:1
791;0.690437;5000.000000;1:1
792;0.620792;5000.000000;1:1
793;0.685927;5000.000000;1:1
794;0.982790;5000.000000;1:1
795;0.805024;5000.000000;1:1
796;0.930894;5000.000000;1:1
797;0.612870;5000.000000;1:1
798;0.678592;5000.000000;1:1
799;0.812777;5000.000000;1:1
800;0.681876;5000.000000;1:1
801;0.985574;5000.000000;1:1
802;0.649928;5000.000000;1:1
803;0.673305;5000.000000;1:1
804;0.859637;5000.000000;1:1
805;0.737839;5000.000000;1:1
806;0.647184;5000.000000;1:1
807;0.672649;5000.000000;1:1
808;0.679710;5000.000000;1:1
809;0.827942;5000.000000;1:1
810;0.787316;5000.000000;1:1
811;0.796061;5000.000000;1:1
812;0.816434;5000.000000;1:1
813;0.902832;5000.000000;1:1
814;0.651414;5000.000000;1:1
815;0.965340;5000.000000;1:1
816;0.931236;5000.000000;1:1
817;0.918810;5000.000000;1:1
818;0.694377;5000.000000;1:1
819;0.989361;5000.000000;1:1
820;0.949510;5000.000000;1:1
821;0.702983;5000.000000;1:1
822;0.974977;5000.000000;1:1
823;0.621575;5000.000000;1:1
824;0.742937;5000.000000;1:1
825;0.705720;5000.000000;1:1
826;0.941853;5000.000000;1:1
827;0.697099;5000.000000;1:1
828;0.633534;5000.000000;1:1
829;0.875693;5000.000000;1:1
830;0.625953;5000.000000;1:1
831;0.859366;5000.000000;1:1
832;0.656614;5000.000000;1:1
833;0.637462;5000.000000;1:1
834;0.671492;5000.000000;1:1
835;0.724682;5000.000000;1:1
836;0.635164;5000.000000;1:1
837;0.885445;5000.000000;1:1
838;0.893454;5000.000000;1:1
839;0.829034;5000.000000;1:1
840;0.863644;5000.000000;1:1
841;0.603877;5000.000000;1:1
842;0.954109;5000.000000;1:1
843;0.716741;5000.000000;1:1
844;0.648587;5000.000000;1:1
845;0.821861;5000.000000;1:1
846;0.984685;5000.000000;1:1
847;0.941682;5000.000000;1:1
848;0.901040;5000.000000;1:1
849;0.888257;5000.000000;1:1
850;0.862502;5000.000000;1:1
851;0.647185;5000.000000;1:1
852;0.799452;5000.000000;1:1
853;0.960585;5000.000000;1:1
854;0.885116;5000.000000;1:1
855;0.823266;5000.000000;1:1
856;0.657416;5000.000000;1:1
857;0.644303;5000.000000;1:1
858;0.915881;5000.000000;1:1
859;0.792909;5000.000000;1:1
860;0.922247;5000.000000;1:1
861;0.954932;5000.000000;1:1
862;0.850171;5000.000000;1:1
863;0.804250;5000.000000;1:1
864;0.844696;5000.000000;1:1
865;0.964567;5000.000000;1:1
866;0.769609;5000.000000;1:1
867;0.777234;5000.000000;1:1
868;0.719922;5000.000000;1:1
869;0.862689;5000.000000;1:1
870;0.651967;5000.000000;1:1
871;0.870347;5000.000000;1:1
872;0.646201;5000.000000;1:1
873;0.649338;5000.000000;1:1
874;0.639148;5000.000000;1:1
875;0.771303;5000.000000;1:1
876;0.999518;5000.000000;1:1
877;0.635829;5000.000000;1:1
878;0.855557;5000.000000;1:1
879;0.967050;5000.000000;1:1
880;0.703519;5000.000000;1:1
881;0.765900;5000.000000;1:1
882;0.659932;5000.000000;1:1
883;0.983743;5000.000000;1:1
884;0.966513;5000.000000;1:1
885;0.781381;5000.000000;1:1
886;0.978342;5000.000000;1:1
887;0.729016;5000.000000;1:1
888;0.832082;5000.000000;1:1
889;0.943516;5000.000000;1:1
890;0.799635;5000.000000;1:1
891;0.687591;5000.000000;1:1
892;0.718730;5000.000000;1:1
893;0.845532;5000.000000;1:1
894;0.650692;5000.000000;1:1
895;0.725138;5000.000000;1:1
896;0.958473;5000.000000;1:1
897;0.981263;5000.000000;1:1
898;0.710540;5000.000000;1:1
899;0.990171;5000.000000;1:1
900;0.989409;5000.000000;1:1
901;0.711258;5000.000000;1:1
902;0.782462;5000.000000;1:1
903;0.785165;5000.000000;1:1
904;0.846858;5000.000000;1:1
905;0.681855;5000.000000;1:1
906;0.612617;5000.000000;1:1
907;0.717534;5000.000000;1:1
908;0.804741;5000.000000;1:1
909;0.877002;5000.000000;1:1
910;0.915642;5000.000000;1:1
911;0.979951;5000.000000;1:1
912;0.941607;5000.000000;1:1
913;0.775325;5000.000000;1:1
914;0.731257;5000.000000;1:1
915;0.783683;5000.000000;1:1
916;0.697765;5000.000000;1:1
917;0.749016;5000.000000;1:1
918;0.639972;5000.000000;1:1
919;0.871483;5000.000000;1:1
920;0.810664;5000.000000;1:1
921;0.987639;5000.000000;1:1
922;0.872009;5000.000000;1:1
923;0.849807;5000.000000;1:1
924;0.892996;5000.000000;1:1
925;0.939149;5000.000000;1:1
926;0.726963;5000.000000;1:1
927;0.975347;5000.000000;1:1
928;0.973722;5000.000000;1:1
929;0.917689;5000.000000;1:1
930;0.756882;5000.000000;1:1
931;0.714434;5000.000000;1:1
932;0.794705;5000.000000;1:1
933;0.966027;5000.000000;1:1
934;0.952487;5000.000000;1:1
935;0.750807;5000.000000;1:1
936;0.801401;5000.000000;1:1
937;0.635620;5000.000000;1:1
938;0.839400;5000.000000;1:1
939;0.899109;5000.000000;1:1
940;0.897489;5000.000000;1:1
941;0.758565;5000.000000;1:1
942;0.761841;5000.000000;1:1
943;0.653587;5000.000000;1:1
944;0.965316;5000.000000;1:1
945;0.817726;5000.000000;1:1
946;0.974862;5000.000000;1:1
947;0.997822;5000.000000;1:1
948;0.655227;5000.000000;1:1
949;0.934832;5000.000000;1:1
950;0.812916;5000.000000;1:1
951;0.727618;5000.000000;1:1
952;0.811112;5000.000000;1:1
953;0.715749;5000.000000;1:1
954;0.665075;5000.000000;1:1
955;0.910721;5000.000000;1:1
956;0.974431;5000.000000;1:1
957;0.794188;5000.000000;1:1
958;0.708321;5000.000000;1:1
959;0.983764;5000.000000;1:1
960;0.920601;5000.000000;1:1
961;0.950295;5000.000000;1:1
962;0.799114;5000.000000;1:1
963;0.769324;5000.000000;1:1
964;0.695141;5000.000000;1:1
965;0.884428;5000.000000;1:1
966;0.680863;5000.000000;1:1
967;0.627304;5000.000000;1:1
968;0.662172;5000.000000;1:1
969;0.768164;5000.000000;1:1
970;0.783711;5000.000000;1:1
971;0.613353;5000.000000;1:1
972;0.855614;5000.000000;1:1
973;0.749257;5000.000000;1:1
974;0.932192;5000.000000;1:1
975;0.948761;5000.000000;1:1
976;0.723740;5000.000000;1:1
977;0.937986;5000.000000;1:1
978;0.934263;5000.000000;1:1
979;0.838977;5000.000000;1:1
980;0.924128;5000.000000;1:1
981;0.732663;5000.000000;1:1
982;0.600529;5000.000000;1:1
983;0.775630;5000.000000;1:1
984;0.923822;5000.000000;1:1
985;0.921991;5000.000000;1:1
986;0.949014;5000.000000;1:1
987;0.689149;5000.000000;1:1
988;0.942403;5000.000000;1:1
989;0.974583;5000.000000;1:1
990;0.680220;5000.000000;1:1
991;0.990114;5000.000000;1:1
992;0.617565;5000.000000;1:1
993;0.765039;5000.000000;1:1
994;0.776694;5000.000000;1:1
995;0.709902;5000.000000;1:1
996;0.665810;5000.000000;1:1
997;0.970583;5000.000000;1:1
998;0.954299;5000.000000;1:1
999;0.755240;5000.000000;1:1
1000;0.602853;5000.000000;1:1
1001;0.789963;5000.000000;1:1
1002;0.742262;5000.000000;1:1
1003;0.781196;5000.000000;1:1
1004;0.962123;5000.000000;1:1
1005;0.982526;5000.000000;1:1
1006;0.755172;5000.000000;1:1
1007;0.887517;5000.000000;1:1
1008;0.732439;5000.000000;1:1
1009;0.907348;5000.000000;1:1
1010;0.665538;5000.000000;1:1
1011;0.774271;5000.000000;1:1
1012;0.716487;5000.000000;1:1
1013;0.613296;5000.000000;1:1
1014;0.807993;5000.000000;1:1
1015;0.831993;5000.000000;1:1
1016;0.745552;5000.000000;1:1
1017;0.800510;5000.000000;1:1
1018;0.707138;5000.000000;1:1
1019;0.963900;5000.000000;1:1
1020;0.915166;5000.000000;1:1
1021;0.661333;5000.000000;1:1
1022;0.965870;5000.000000;1:1
1023;0.813449;5000.000000;1:1
1024;0.843742;5000.000000;0:1,1:1
1025;0.622371;5000.000000;0:1,1:1
1026;0.756588;5000.000000;0:1,1:1
1027;0.885719;5000.000000;0:1,1:1
1028;0.717602;5000.000000;0:1,1:1
1029;0.638407;5000.000000;0:1,1:1
1030;0.645552;5000.000000;0:1,1:1
1031;0.704422;5000.000000;0:1,1:1
1032;0.950857;5000.000000;0:1,1:1
1033;0.901452;5000.000000;0:1,1:1
1034;0.701048;5000.000000;0:1,1:1
1035;0.950032;5000.000000;0:1,1:1
1036;0.816256;5000.000000;0:1,1:1
1037;0.609826;5000.000000;0:1,1:1
1038;0.808779;5000.000000;0:1,1:1
1039;0.622099;5000.000000;0:1,1:1
1040;0.603990;5000.000000;0:1,1:1
1041;0.669645;5000.000000;0:1,1:1
1042;0.696444;5000.000000;0:1,1:1
1043;0.956351;5000.000000;0:1,1:1
1044;0.737302;5000.000000;0:1,1:1
1045;0.731369;5000.000000;0:1,1:1
1046;0.854176;5000.000000;0:1,1:1
1047;0.614946;5000.000000;0:1,1:1
1048;0.789073;5000.000000;0:1,1:1
1049;0.677100;5000.000000;0:1,1:1
1050;0.605405;5000.000000;0:1,1:1
1051;0.777194;5000.000000;0:1,1:1
1052;0.622790;5000.000000;0:1,1:1
1053;0.902575;5000.000000;0:1,1:1
1054;0.914354;5000.000000;0:1,1:1
1055;0.812478;5000.000000;0:1,1:1
1056;0.862431;5000.000000;0:1,1:1
1057;0.682709;5000.000000;0:1,1:1
1058;0.991523;5000.000000;0:1,1:1
1059;0.775910;5000.000000;0:1,1:1
1060;0.611714;5000.000000;0:1,1:1
1061;0.713760;5000.000000;0:1,1:1
1062;0.798791;5000.000000;0:1,1:1
1063;0.681290;5000.000000;0:1,1:1
1064;0.647039;5000.000000;0:1,1:1
1065;0.615001;5000.000000;0:1,1:1
1066;0.974761;5000.000000;0:1,1:1
1067;0.633844;5000.000000;0:1,1:1
1068;0.922337;5000.000000;0:1,1:1
1069;0.910554;5000.000000;0:1,1:1
1070;0.889124;5000.000000;0:1,1:1
1071;0.800032;5000.000000;0:1,1:1
1072;0.717315;5000.000000;0:1,1:1
1073;0.821793;5000.000000;0:1,1:1
1074;0.797024;5000.000000;0:1,1:1
1075;0.966134;5000.000000;0:1,1:1
1076;0.710498;5000.000000;0:1,1:1
1077;0.841063;5000.000000;0:1,1:1
1078;0.832487;5000.000000;0:1,1:1
1079;0.686107;5000.000000;0:1,1:1
1080;0.609471;5000.000000;0:1,1:1
1081;0.913084;5000.000000;0:1,1:1
1082;0.674748;5000.000000;0:1,1:1
1083;0.983675;5000.000000;0:1,1:1
1084;0.645036;5000.000000;0:1,1:1
1085;0.882305;5000.000000;0:1,1:1
1086;0.815357;5000.000000;0:1,1:1
1087;0.903392;5000.000000;0:1,1:1
1088;0.605713;5000.000000;0:1,1:1
1089;0.717530;5000.000000;0:1,1:1
1090;0.937360;5000.000000;0:1,1:1
1091;0.970295;5000.000000;0:1,1:1
1092;0.952225;5000.000000;0:1,1:1
1093;0.678972;5000.000000;0:1,1:1
1094;0.897640;5000.000000;0:1,1:1
1095;0.858248;5000.000000;0:1,1:1
1096;0.693847;5000.000000;0:1,1:1
1097;0.644407;5000.000000;0:1,1:1
1098;0.637802;5000.000000;0:1,1:1
1099;0.693743;5000.000000;0:1,1:1
1100;0.712241;5000.000000;0:1,1:1
1101;0.894369;5000.000000;0:1,1:1
1102;0.653317;5000.000000;0:1,1:1
1103;0.721973;5000.000000;0:1,1:1
1104;0.981232;5000.000000;0:1,1:1
1105;0.905430;5000.000000;0:1,1:1
1106;0.611261;5000.000000;0:1,1:1
1107;0.688611;5000.000000;0:1,1:1
1108;0.667078;5000.000000;0:1,1:1
1109;0.604231;5000.000000;0:1,1:1
1110;0.905934;5000.000000;0:1,1:1
1111;0.747537;5000.000000;0:1,1:1
1112;0.782237;5000.000000;0:1,1:1
1113;0.901103;5000.000000;0:1,1:1
1114;0.845144;5000.000000;0:1,1:1
1115;0.841683;5000.000000;0:1,1:1
1116;0.770903;5000.000000;0:1,1:1
1117;0.962872;5000.000000;0:1,1:1
1118;0.921061;5000.000000;0:1,1:1
1119;0.711536;5000.000000;0:1,1:1
1120;0.923792;5000.000000;0:1,1:1
1121;0.653085;5000.000000;0:1,1:1
1122;0.719462;5000.000000;0:1,1:1
1123;0.836992;5000.000000;0:1,1:1
1124;0.817529;5000.000000;0:1,1:1
1125;0.768503;5000.000000;0:1,1:1
1126;0.969625;5000.000000;0:1,1:1
1127;0.614842;5000.000000;0:1,1:1
1128;0.933888;5000.000000;0:1,1:1
1129;0.823652;5000.000000;0:1,1:1
1130;0.819757;5000.000000;0:1,1:1
1131;0.885376;5000.000000;0:1,1:1
1132;0.658356;5000.000000;0:1,1:1
1133;0.636256;5000.000000;0:1,1:1
1134;0.606632;5000.000000;0:1,1:1
1135;0.919279;5000.000000;0:1,1:1
1136;0.803689;5000.000000;0:1,1:1
1137;0.761959;5000.000000;0:1,1:1
1138;0.656441;5000.000000;0:1,1:1
1139;0.702682;5000.000000;0:1,1:1
1140;0.837677;5000.000000;0:1,1:1
1141;0.958586;5000.000000;0:1,1:1
1142;0.762464;5000.000000;0:1,1:1
1143;0.718471;5000.000000;0:1,1:1
1144;0.875281;5000.000000;0:1,1:1
1145;0.728870;5000.000000;0:1,1:1
1146;0.862911;5000.000000;0:1,1:1
1147;0.765982;5000.000000;0:1,1:1
1148;0.921940;5000.000000;0:1,1:1
1149;0.686667;5000.000000;0:1,1:1
1150;0.986929;5000.000000;0:1,1:1
1151;0.710124;5000.000000;0:1,1:1
1152;0.651737;5000.000000;0:1,1:1
1153;0.910502;5000.000000;0:1,1:1
1154;0.652220;5000.000000;0:1,1:1
1155;0.805657;5000.000000;0:1,1:1
1156;0.766387;5000.000000;0:1,1:1
1157;0.945100;5000.000000;0:1,1:1
1158;0.733330;5000.000000;0:1,1:1
1159;0.712767;5000.000000;0:1,1:1
1160;0.600784;5000.000000;0:1,1:1
1161;0.687374;5000.000000;0:1,1:1
1162;0.726181;5000.000000;0:1,1:1
1163;0.921833;5000.000000;0:1,1:1
1164;0.855253;5000.000000;0:1,1:1
1165;0.968664;5000.000000;0:1,1:1
1166;0.871324;5000.000000;0:1,1:1
1167;0.619509;5000.000000;0:1,1:1
1168;0.876068;5000.000000;0:1,1:1
1169;0.772271;5000.000000;0:1,1:1
1170;0.720448;5000.000000;0:1,1:1
1171;0.654960;5000.000000;0:1,1:1
1172;0.876828;5000.000000;0:1,1:1
1173;0.979401;5000.000000;0:1,1:1
1174;0.916752;5000.000000;0:1,1:1
1175;0.760609;5000.000000;0:1,1:1
1176;0.613394;5000.000000;0:1,1:1
1177;0.806703;5000.000000;0:1,1:1
1178;0.713203;5000.000000;0:1,1:1
1179;0.964776;5000.000000;0:1,1:1
1180;0.704515;5000.000000;0:1,1:1
1181;0.689268;5000.000000;0:1,1:1
1182;0.771049;5000.000000;0:1,1:1
1183;0.982984;5000.000000;0:1,1:1
1184;0.871615;5000.000000;0:1,1:1
1185;0.670010;5000.000000;0:1,1:1
1186;0.983039;5000.000000;0:1,1:1
1187;0.631655;5000.000000;0:1,1:1
1188;0.704555;5000.000000;0:1,1:1
1189;0.664135;5000.000000;0:1,1:1
1190;0.863498;5000.000000;0:1,1:1
1191;0.710927;5000.000000;0:1,1:1
1192;0.949124;5000.000000;0:1,1:1
1193;0.988886;5000.000000;0:1,1:1
1194;0.724891;5000.000000;0:1,1:1
1195;0.770452;5000.000000;0:1,1:1
1196;0.758466;5000.000000;0:1,1:1
1197;0.829880;5000.000000;0:1,1:1
1198;0.623842;5000.000000;0:1,1:1
1199;0.611587;5000.000000;0:1,1:1
1200;0.884880;5000.000000;0:1,1:1
1201;0.777057;5000.000000;0:1,1:1
1202;0.776233;5000.000000;0:1,1:1
1203;0.912540;5000.000000;0:1,1:1
1204;0.637352;5000.000000;0:1,1:1
1205;0.985173;5000.000000;0:1,1:1
1206;0.687766;5000.000000;0:1,1:1
1207;0.834968;5000.000000;0:1,1:1
1208;0.941795;5000.000000;0:1,1:1
1209;0.731462;5000.000000;0:1,1:1
1210;0.889314;5000.000000;0:1,1:1
1211;0.735623;5000.000000;0:1,1:1
1212;0.938781;5000.000000;0:1,1:1
1213;0.696468;5000.000000;0:1,1:1
1214;0.624713;5000.000000;0:1,1:1
1215;0.603803;5000.000000;0:1,1:1
1216;0.740005;5000.000000;0:1,1:1
1217;0.710755;5000.000000;0:1,1:1
1218;0.889323;5000.000000;0:1,1:1
1219;0.984912;5000.000000;0:1,1:1
1220;0.984565;5000.000000;0:1,1:1
1221;0.868814;5000.000000;0:1,1:1
1222;0.844674;5000.000000;0:1,1:1
1223;0.832103;5000.000000;0:1,1:1
1224;0.790354;5000.000000;0:1,1:1
1225;0.732826;5000.000000;0:1,1:1
1226;0.918909;5000.000000;0:1,1:1
1227;0.815356;5000.000000;0:1,1:1
1228;0.957217;5000.000000;0:1,1:1
1229;0.630935;5000.000000;0:1,1:1
1230;0.985911;5000.000000;0:1,1:1
1231;0.818394;5000.000000;0:1,1:1
1232;0.852430;5000.000000;0:1,1:1
1233;0.742983;5000.000000;0:1,1:1
1234;0.781608;5000.000000;0:1,1:1
1235;0.949972;5000.000000;0:1,1:1
1236;0.973609;5000.000000;0:1,1:1
1237;0.702577;5000.000000;0:1,1:1
1238;0.777571;5000.000000;0:1,1:1
1239;0.783510;5000.000000;0:1,1:1
1240;0.727718;5000.000000;0:1,1:1
1241;0.937877;5000.000000;0:1,1:1
1242;0.604948;5000.000000;0:1,1:1
1243;0.802297;5000.000000;0:1,1:1
1244;0.777999;5000.000000;0:1,1:1
1245;0.973392;5000.000000;0:1,1:1
1246;0.665496;5000.000000;0:1,1:1
1247;0.603660;5000.000000;0:1,1:1
1248;0.628307;5000.000000;0:1,1:1
1249;0.960016;5000.000000;0:1,1:1
1250;0.657044;5000.000000;0:1,1:1
1251;0.900352;5000.000000;0:1,1:1
1252;0.891933;5000.000000;0:1,1:1
1253;0.608975;5000.000000;0:1,1:1
1254;0.778240;5000.000000;0:1,1:1
1255;0.860053;5000.000000;0:1,1:1
1256;0.713322;5000.000000;0:1,1:1
1257;0.854052;5000.000000;0:1,1:1
1258;0.772029;5000.000000;0:1,1:1
1259;0.890080;5000.000000;0:1,1:1
1260;0.871415;5000.000000;0:1,1:1
1261;0.952460;5000.000000;0:1,1:1
1262;0.965507;5000.000000;0:1,1:1
1263;0.777634;5000.000000;0:1,1:1
1264;0.675005;5000.000000;0:1,1:1
1265;0.656041;5000.000000;0:1,1:1
1266;0.635902;5000.000000;0:1,1:1
1267;0.824779;5000.000000;0:1,1:1
1268;0.781823;5000.000000;0:1,1:1
1269;0.716472;5000.000000;0:1,1:1
1270;0.800794;5000.000000;0:1,1:1
1271;0.687055;5000.000000;0:1,1:1
1272;0.909377;5000.000000;0:1,1:1
1273;0.878910;5000.000000;0:1,1:1
1274;0.852611;5000.000000;0:1,1:1
1275;0.999438;5000.000000;0:1,1:1
1276;0.662734;5000.000000;0:1,1:1
1277;0.622384;5000.000000;0:1,1:1
1278;0.993257;5000.000000;0:1,1:1
1279;0.908234;5000.000000;0:1,1:1
1280;0.873937;5000.000000;0:1,1:1
1281;0.895218;5000.000000;0:1,1:1
1282;0.605982;5000.000000;0:1,1:1
1283;0.766007;5000.000000;0:1,1:1
1284;0.760199;5000.000000;0:1,1:1
1285;0.983885;5000.000000;0:1,1:1
1286;0.691020;5000.000000;0:1,1:1
1287;0.982502;5000.000000;0:1,1:1
1288;0.931116;5000.000000;0:1,1:1
1289;0.815343;5000.000000;0:1,1:1
1290;0.765532;5000.000000;0:1,1:1
1291;0.886675;5000.000000;0:1,1:1
1292;0.723538;5000.000000;0:1,1:1
1293;0.653011;5000.000000;0:1,1:1
1294;0.815722;5000.000000;0:1,1:1
1295;0.759574;5000.000000;0:1,1:1
1296;0.893044;5000.000000;0:1,1:1
1297;0.833825;5000.000000;0:1,1:1
1298;0.930328;5000.000000;0:1,1:1
1299;0.820367;5000.000000;0:1,1:1
1300;0.943463;5000.000000;0:1,1:1
1301;0.931200;5000.000000;0:1,1:1
1302;0.830834;5000.000000;0:1,1:1
1303;0.973964;5000.000000;0:1,1:1
1304;0.781411;5000.000000;0:1,1:1
1305;0.651404;5000.000000;0:1,1:1
1306;0.673045;5000.000000;0:1,1:1
1307;0.980958;5000.000000;0:1,1:1
1308;0.727281;5000.000000;0:1,1:1
1309;0.696902;5000.000000;0:1,1:1
1310;0.628097;5000.000000;0:1,1:1
1311;0.708560;5000.000000;0:1,1:1
1312;0.665504;5000.000000;0:1,1:1
1313;0.990430;5000.000000;0:1,1:1
1314;0.660843;5000.000000;0:1,1:1
1315;0.665436;5000.000000;0:1,1:1
1316;0.989375;5000.000000;0:1,1:1
1317;0.774727;5000.000000;0:1,1:1
1318;0.763585;5000.000000;0:1,1:1
1319;0.629157;5000.000000;0:1,1:1
1320;0.671703;5000.000000;0:1,1:1
1321;0.886175;5000.000000;0:1,1:1
1322;0.770213;5000.000000;0:1,1:1
1323;0.826129;5000.000000;0:1,1:1
1324;0.987300;5000.000000;0:1,1:1
1325;0.779078;5000.000000;0:1,1:1
1326;0.672834;5000.000000;0:1,1:1
1327;0.632551;5000.000000;0:1,1:1
1328;0.723187;5000.000000;0:1,1:1
1329;0.999878;5000.000000;0:1,1:1
1330;0.921267;5000.000000;0:1,1:1
1331;0.644321;5000.000000;0:1,1:1
1332;0.786681;5000.000000;0:1,1:1
1333;0.675447;5000.000000;0:1,1:1
1334;0.737805;5000.000000;0:1,1:1
1335;0.726113;5000.000000;0:1,1:1
1336;0.663292;5000.000000;0:1,1:1
1337;0.946681;5000.000000;0:1,1:1
1338;0.624198;5000.000000;0:1,1:1
1339;0.715853;5000.000000;0:1,1:1
1340;0.670161;5000.000000;0:1,1:1
1341;0.773608;5000.000000;0:1,1:1
1342;0.611703;5000.000000;0:1,1:1
1343;0.721432;5000.000000;0:1,1:1
1344;0.623950;5000.000000;0:1,1:1
1345;0.849181;5000.000000;0:1,1:1
1346;0.937419;5000.000000;0:1,1:1
1347;0.734716;5000.000000;0:1,1:1
1348;0.965626;5000.000000;0:1,1:1
1349;0.916748;5000.000000;0:1,1:1
1350;0.841981;5000.000000;0:1,1:1
1351;0.632255;5000.000000;0:1,1:1
1352;0.850928;5000.000000;0:1,1:1
1353;0.745071;5000.000000;0:1,1:1
1354;0.862566;5000.000000;0:1,1:1
1355;0.998373;5000.000000;0:1,1:1
1356;0.880116;5000.000000;0:1,1:1
1357;0.714595;5000.000000;0:1,1:1
1358;0.738280;5000.000000;0:1,1:1
1359;0.966483;5000.000000;0:1,1:1
1360;0.845737;5000.000000;0:1,1:1
1361;0.646706;5000.000000;0:1,1:1
1362;0.634321;5000.000000;0:1,1:1
1363;0.864785;5000.000000;0:1,1:1
1364;0.676827;5000.000000;0:1,1:1
1365;0.988254;5000.000000;0:1,1:1
1366;0.832686;5000.000000;0:1,1:1
1367;0.780241;5000.000000;0:1,1:1
1368;0.674316;5000.000000;0:1,1:1
1369;0.748412;5000.000000;0:1,1:1
1370;0.793739;5000.000000;0:1,1:1
1371;0.948580;5000.000000;0:1,1:1
1372;0.865963;5000.000000;0:1,1:1
1373;0.708828;5000.000000;0:1,1:1
1374;0.872349;5000.000000;0:1,1:1
1375;0.757928;5000.000000;0:1,1:1
1376;0.612369;5000.000000;0:1,1:1
1377;0.869799;5000.000000;0:1,1:1
1378;0.961406;5000.000000;0:1,1:1
1379;0.720879;5000.000000;0:1,1:1
1380;0.942317;5000.000000;0:1,1:1
1381;0.810726;5000.000000;0:1,1:1
1382;0.894466;5000.000000;0:1,1:1
1383;0.775506;5000.000000;0:1,1:1
1384;0.787522;5000.000000;0:1,1:1
1385;0.772234;5000.000000;0:1,1:1
1386;0.882892;5000.000000;0:1,1:1
1387;0.791434;5000.000000;0:1,1:1
1388;0.916077;5000.000000;0:1,1:1
1389;0.827337;5000.000000;0:1,1:1
1390;0.803253;5000.000000;0:1,1:1
1391;0.945551;5000.000000;0:1,1:1
1392;0.840750;5000.000000;0:1,1:1
1393;0.689328;5000.000000;0:1,1:1
1394;0.790143;5000.000000;0:1,1:1
1395;0.732076;5000.000000;0:1,1:1
1396;0.661154;5000.000000;0:1,1:1
1397;0.841812;5000.000000;0:1,1:1
1398;0.849671;5000.000000;0:1,1:1
1399;0.672123;5000.000000;0:1,1:1
1400;0.769819;5000.000000;0:1,1:1
1401;0.804435;5000.000000;0:1,1:1
1402;0.753414;5000.000000;0:1,1:1
1403;0.806497;5000.000000;0:1,1:1
1404;0.755886;5000.000000;0:1,1:1
1405;0.603643;5000.000000;0:1,1:1
1406;0.863685;5000.000000;0:1,1:1
1407;0.802275;5000.000000;0:1,1:1
1408;0.886975;5000.000000;0:1,1:1
1409;0.625128;5000.000000;0:1,1:1
1410;0.952633;5000.000000;0:1,1:1
1411;0.679836;5000.000000;0:1,1:1
1412;0.717052;5000.000000;0:1,1:1
1413;0.748995;5000.000000;0:1,1:1
1414;0.614717;5000.000000;0:1,1:1
1415;0.608633;5000.000000;0:1,1:1
1416;0.715174;5000.000000;0:1,1:1
1417;0.845301;5000.000000;0:1,1:1
1418;0.768776;5000.000000;0:1,1:1
1419;0.689601;5000.000000;0:1,1:1
1420;0.894351;5000.000000;0:1,1:1
1421;0.794910;5000.000000;0:1,1:1
1422;0.647186;5000.000000;0:1,1:1
1423;0.938372;5000.000000;0:1,1:1
1424;0.963036;5000.000000;0:1,1:1
1425;0.720118;5000.000000;0:1,1:1
1426;0.940505;5000.000000;0:1,1:1
1427;0.936227;5000.000000;0:1,1:1
1428;0.614896;5000.000000;0:1,1:1
1429;0.952618;5000.000000;0:1,1:1
1430;0.897219;5000.000000;0:1,1:1
1431;0.992603;5000.000000;0:1,1:1
1432;0.821643;5000.000000;0:1,1:1
1433;0.621616;5000.000000;0:1,1:1
1434;0.724082;5000.000000;0:1,1:1
1435;0.756140;5000.000000;0:1,1:1
1436;0.669434;5000.000000;0:1,1:1
1437;0.675683;5000.000000;0:1,1:1
1438;0.997468;5000.000000;0:1,1:1
1439;0.694450;5000.000000;0:1,1:1
1440;0.665804;5000.000000;0:1,1:1
1441;0.916407;5000.000000;0:1,1:1
1442;0.795773;5000.000000;0:1,1:1
1443;0.714179;5000.000000;0:1,1:1
1444;0.885630;5000.000000;0:1,1:1
1445;0.871594;5000.000000;0:1,1:1
1446;0.938167;5000.000000;0:1,1:1
1447;0.873311;5000.000000;0:1,1:1
1448;0.602079;5000.000000;0:1,1:1
1449;0.912353;5000.000000;0:1,1:1
1450;0.608349;5000.000000;0:1,1:1
1451;0.697971;5000.000000;0:1,1:1
1452;0.826146;5000.000000;0:1,1:1
1453;0.812670;5000.000000;0:1,1:1
1454;0.685652;5000.000000;0:1,1:1
1455;0.911613;5000.000000;0:1,1:1
1456;0.689026;5000.000000;0:1,1:1
1457;0.713032;5000.000000;0:1,1:1
1458;0.648708;5000.000000;0:1,1:1
1459;0.793127;5000.000000;0:1,1:1
1460;0.774723;5000.000000;0:1,1:1
1461;0.979583;5000.000000;0:1,1:1
1462;0.839439;5000.000000;0:1,1:1
1463;0.837224;5000.000000;0:1,1:1
1464;0.798018;5000.000000;0:1,1:1
1465;0.605958;5000.000000;0:1,1:1
1466;0.858328;5000.000000;0:1,1:1
1467;0.633764;5000.000000;0:1,1:1
1468;0.671068;5000.000000;0:1,1:1
1469;0.965865;5000.000000;0:1,1:1
1470;0.805637;5000.000000;0:1,1:1
1471;0.654749;5000.000000;0:1,1:1
1472;0.805782;5000.000000;0:1,1:1
1473;0.931084;5000.000000;0:1,1:1
1474;0.910076;5000.000000;0:1,1:1
1475;0.651383;5000.000000;0:1,1:1
1476;0.805416;5000.000000;0:1,1:1
1477;0.826111;5000.000000;0:1,1:1
1478;0.618765;5000.000000;0:1,1:1
1479;0.784108;5000.000000;0:1,1:1
1480;0.882731;5000.000000;0:1,1:1
1481;0.690290;5000.000000;0:1,1:1
1482;0.817851;5000.000000;0:1,1:1
1483;0.607171;5000.000000;0:1,1:1
1484;0.981474;5000.000000;0:1,1:1
1485;0.853276;5000.000000;0:1,1:1
1486;0.717222;5000.000000;0:1,1:1
1487;0.908418;5000.000000;0:1,1:1
1488;0.763784;5000.000000;0:1,1:1
1489;0.976653;5000.000000;0:1,1:1
1490;0.810688;5000.000000;0:1,1:1
1491;0.966903;5000.000000;0:1,1:1
1492;0.703211;5000.000000;0:1,1:1
1493;0.721998;5000.000000;0:1,1:1
1494;0.835698;5000.000000;0:1,1:1
1495;0.917421;5000.000000;0:1,1:1
1496;0.634730;5000.000000;0:1,1:1
1497;0.830081;5000.000000;0:1,1:1
1498;0.781321;5000.000000;0:1,1:1
1499;0.951310;5000.000000;0:1,1:1
1500;0.993549;5000.000000;0:1,1:1
1501;0.854608;5000.000000;0:1,1:1
1502;0.637334;5000.000000;0:1,1:1
1503;0.828117;5000.000000;0:1,1:1
1504;0.891488;5000.000000;0:1,1:1
1505;0.675210;5000.000000;0:1,1:1
1506;0.678282;5000.000000;0:1,1:1
1507;0.745742;5000.000000;0:1,1:1
1508;0.651117;5000.000000;0:1,1:1
1509;0.804359;5000.000000;0:1,1:1
1510;0.608825;5000.000000;0:1,1:1
1511;0.879967;5000.000000;0:1,1:1
1512;0.729336;5000.000000;0:1,1:1
1513;0.774969;5000.000000;0:1,1:1
1514;0.935110;5000.000000;0:1,1:1
1515;0.719883;5000.000000;0:1,1:1
1516;0.707088;5000.000000;0:1,1:1
1517;0.613942;5000.000000;0:1,1:1
1518;0.976166;5000.000000;0:1,1:1
1519;0.697470;5000.000000;0:1,1:1
1520;0.999664;5000.000000;0:1,1:1
1521;0.718201;5000.000000;0:1,1:1
1522;0.989454;5000.000000;0:1,1:1
1523;0.939775;5000.000000;0:1,1:1
1524;0.842306;5000.000000;0:1,1:1
1525;0.841216;5000.000000;0:1,1:1
1526;0.841399;5000.000000;0:1,1:1
1527;0.953730;5000.000000;0:1,1:1
1528;0.639360;5000.000000;0:1,1:1
1529;0.712483;5000.000000;0:1,1:1
1530;0.674325;5000.000000;0:1,1:1
1531;0.736280;5000.000000;0:1,1:1
1532;0.848052;5000.000000;0:1,1:1
1533;0.953003;5000.000000;0:1,1:1
1534;0.877422;5000.000000;0:1,1:1
1535;0.654268;5000.000000;0:1,1:1
