0;0.932355;5000.000000;0:1
1;0.735739;5000.000000;0:1
2;0.768881;5000.000000;0:1
3;0.602626;5000.000000;0:1
4;0.897477;5000.000000;0:1
5;0.898867;5000.000000;0:1
6;0.814866;5000.000000;0:1
7;0.813620;5000.000000;0:1
8;0.738183;5000.000000;0:1
9;0.817391;5000.000000;0:1
10;0.845062;5000.000000;0:1
11;0.769211;5000.000000;0:1
12;0.699058;5000.000000;0:1
13;0.834481;5000.000000;0:1
14;0.985936;5000.000000;0:1
15;0.759325;5000.000000;0:1
16;0.892165;5000.000000;0:1
17;0.759177;5000.000000;0:1
18;0.980239;5000.000000;0:1
19;0.609535;5000.000000;0:1
20;0.895265;5000.000000;0:1
21;0.698966;5000.000000;0:1
22;0.672821;5000.000000;0:1
23;0.848664;5000.000000;0:1
24;0.688981;5000.000000;0:1
25;0.974087;5000.000000;0:1
26;0.788288;5000.000000;0:1
27;0.792301;5000.000000;0:1
28;0.676876;5000.000000;0:1
29;0.751703;5000.000000;0:1
30;0.765447;5000.000000;0:1
31;0.907448;5000.000000;0:1
32;0.687194;5000.000000;0:1
33;0.961849;5000.000000;0:1
34;0.942483;5000.000000;0:1
35;0.908107;5000.000000;0:1
36;0.979413;5000.000000;0:1
37;0.948075;5000.000000;0:1
38;0.615355;5000.000000;0:1
39;0.975071;5000.000000;0:1
40;0.746126;5000.000000;0:1
41;0.923211;5000.000000;0:1
42;0.967533;5000.000000;0:1
43;0.749713;5000.000000;0:1
44;0.867864;5000.000000;0:1
45;0.795284;5000.000000;0:1
46;0.734933;5000.000000;0:1
47;0.857794;5000.000000;0:1
48;0.744278;5000.000000;0:1
49;0.900264;5000.000000;0:1
50;0.791971;5000.000000;0:1
51;0.732816;5000.000000;0:1
52;0.992037;5000.000000;0:1
53;0.887872;5000.000000;0:1
54;0.623506;5000.000000;0:1
55;0.764706;5000.000000;0:1
56;0.919601;5000.000000;0:1
57;0.680555;5000.000000;0:1
58;0.703055;5000.000000;0:1
59;0.856578;5000.000000;0:1
60;0.747316;5000.000000;0:1
61;0.609048;5000.000000;0:1
62;0.618612;5000.000000;0:1
63;0.635229;5000.000000;0:1
64;0.756645;5000.000000;0:1
65;0.731991;5000.000000;0:1
66;0.899404;5000.000000;0:1
67;0.735950;5000.000000;0:1
68;0.975951;5000.000000;0:1
69;0.773346;5000.000000;0:1
70;0.908111;5000.000000;0:1
71;0.760391;5000.000000;0:1
72;0.950827;5000.000000;0:1
73;0.750275;5000.000000;0:1
74;0.754886;5000.000000;0:1
75;0.886365;5000.000000;0:1
76;0.645034;5000.000000;0:1
77;0.755736;5000.000000;0:1
78;0.941342;5000.000000;0:1
79;0.992845;5000.000000;0:1
80;0.625281;5000.000000;0:1
81;0.800777;5000.000000;0:1
82;0.642057;5000.000000;0:1
83;0.650135;5000.000000;0:1
84;0.877051;5000.000000;0:1
85;0.711531;5000.000000;0:1
86;0.830499;5000.000000;0:1
87;0.698719;5000.000000;0:1
88;0.931369;5000.000000;0:1
89;0.662731;5000.000000;0:1
90;0.763193;5000.000000;0:1
91;0.645305;5000.000000;0:1
92;0.702532;5000.000000;0:1
93;0.691296;5000.000000;0:1
94;0.813709;5000.000000;0:1
95;0.657334;5000.000000;0:1
96;0.631517;5000.000000;0:1
97;0.957376;5000.000000;0:1
98;0.909593;5000.000000;0:1
99;0.630053;5000.000000;0:1
100;0.980210;5000.000000;0:1
101;0.956195;5000.000000;0:1
102;0.956942;5000.000000;0:1
103;0.824044;5000.000000;0:1
104;0.689053;5000.000000;0:1
105;0.658693;5000.000000;0:1
106;0.643096;5000.000000;0:1
107;0.967922;5000.000000;0:1
108;0.963910;5000.000000;0:1
109;0.836797;5000.000000;0:1
110;0.768732;5000.000000;0:1
111;0.699524;5000.000000;0:1
112;0.892888;5000.000000;0:1
113;0.998295;5000.000000;0:1
114;0.750090;5000.000000;0:1
115;0.642814;5000.000000;0:1
116;0.947670;5000.000000;0:1
117;0.906973;5000.000000;0:1
118;0.892064;5000.000000;0:1
119;0.972853;5000.000000;0:1
120;0.665014;5000.000000;0:1
121;0.932145;5000.000000;0:1
122;0.611015;5000.000000;0:1
123;0.766693;5000.000000;0:1
124;0.609083;5000.000000;0:1
125;0.876018;5000.000000;0:1
126;0.747718;5000.000000;0:1
127;0.633243;5000.000000;0:1
128;0.894580;5000.000000;0:1
129;0.697919;5000.000000;0:1
130;0.650798;5000.000000;0:1
131;0.653530;5000.000000;0:1
132;0.909509;5000.000000;0:1
133;0.690289;5000.000000;0:1
134;0.865687;5000.000000;0:1
135;0.760318;5000.000000;0:1
136;0.763383;5000.000000;0:1
137;0.878549;5000.000000;0:1
138;0.735612;5000.000000;0:1
139;0.936508;5000.000000;0:1
140;0.639079;5000.000000;0:1
141;0.794729;5000.000000;0:1
142;0.863272;5000.000000;0:1
143;0.892350;5000.000000;0:1
144;0.765902;5000.000000;0:1
145;0.822061;5000.000000;0:1
146;0.804810;5000.000000;0:1
147;0.642368;5000.000000;0:1
148;0.999732;5000.000000;0:1
149;0.611498;5000.000000;0:1
150;0.755036;5000.000000;0:1
151;0.984059;5000.000000;0:1
152;0.975460;5000.000000;0:1
153;0.859174;5000.000000;0:1
154;0.703596;5000.000000;0:1
155;0.728825;5000.000000;0:1
156;0.954414;5000.000000;0:1
157;0.611776;5000.000000;0:1
158;0.683721;5000.000000;0:1
159;0.622751;5000.000000;0:1
160;0.938290;5000.000000;0:1
161;0.963599;5000.000000;0:1
162;0.786116;5000.000000;0:1
163;0.814203;5000.000000;0:1
164;0.759737;5000.000000;0:1
165;0.895539;5000.000000;0:1
166;0.666007;5000.000000;0:1
167;0.620245;5000.000000;0:1
168;0.739964;5000.000000;0:1
169;0.983408;5000.000000;0:1
170;0.939314;5000.000000;0:1
171;0.818255;5000.000000;0:1
172;0.622487;5000.000000;0:1
173;0.617326;5000.000000;0:1
174;0.755433;5000.000000;0:1
175;0.972453;5000.000000;0:1
176;0.824446;5000.000000;0:1
177;0.689330;5000.000000;0:1
178;0.927081;5000.000000;0:1
179;0.896828;5000.000000;0:1
180;0.904465;5000.000000;0:1
181;0.794063;5000.000000;0:1
182;0.605330;5000.000000;0:1
183;0.914260;5000.000000;0:1
184;0.787061;5000.000000;0:1
185;0.779130;5000.000000;0:1
186;0.852017;5000.000000;0:1
187;0.642558;5000.000000;0:1
188;0.826034;5000.000000;0:1
189;0.908447;5000.000000;0:1
190;0.628522;5000.000000;0:1
191;0.942921;5000.000000;0:1
192;0.708579;5000.000000;0:1
193;0.880586;5000.000000;0:1
194;0.786290;5000.000000;0:1
195;0.837700;5000.000000;0:1
196;0.814372;5000.000000;0:1
197;0.949988;5000.000000;0:1
198;0.902349;5000.000000;0:1
199;0.995128;5000.000000;0:1
200;0.900204;5000.000000;0:1
201;0.720550;5000.000000;0:1
202;0.803242;5000.000000;0:1
203;0.739171;5000.000000;0:1
204;0.778519;5000.000000;0:1
205;0.747547;5000.000000;0:1
206;0.737897;5000.000000;0:1
207;0.947855;5000.000000;0:1
208;0.966343;5000.000000;0:1
209;0.619995;5000.000000;0:1
210;0.905088;5000.000000;0:1
211;0.689632;5000.000000;0:1
212;0.988264;5000.000000;0:1
213;0.763422;5000.000000;0:1
214;0.817158;5000.000000;0:1
215;0.708764;5000.000000;0:1
216;0.961929;5000.000000;0:1
217;0.750595;5000.000000;0:1
218;0.830536;5000.000000;0:1
219;0.992692;5000.000000;0:1
220;0.966763;5000.000000;0:1
221;0.738310;5000.000000;0:1
222;0.724693;5000.000000;0:1
223;0.773512;5000.000000;0:1
224;0.984698;5000.000000;0:1
225;0.861597;5000.000000;0:1
226;0.607605;5000.000000;0:1
227;0.707731;5000.000000;0:1
228;0.997719;5000.000000;0:1
229;0.603021;5000.000000;0:1
230;0.994853;5000.000000;0:1
231;0.823176;5000.000000;0:1
232;0.761950;5000.000000;0:1
233;0.906355;5000.000000;0:1
234;0.987776;5000.000000;0:1
235;0.962707;5000.000000;0:1
236;0.721166;5000.000000;0:1
237;0.724435;5000.000000;0:1
238;0.884435;5000.000000;0:1
239;0.833514;5000.000000;0:1
240;0.711526;5000.000000;0:1
241;0.763238;5000.000000;0:1
242;0.799502;5000.000000;0:1
243;0.793786;5000.000000;0:1
244;0.659370;5000.000000;0:1
245;0.911931;5000.000000;0:1
246;0.625596;5000.000000;0:1
247;0.870551;5000.000000;0:1
248;0.602011;5000.000000;0:1
249;0.938555;5000.000000;0:1
250;0.737057;5000.000000;0:1
251;0.605668;5000.000000;0:1
252;0.758732;5000.000000;0:1
253;0.828655;5000.000000;0:1
254;0.614080;5000.000000;0:1
255;0.660091;5000.000000;0:1
256;0.890774;5000.000000;0:1
257;0.918261;5000.000000;0:1
258;0.604461;5000.000000;0:1
259;0.825499;5000.000000;0:1
260;0.719122;5000.000000;0:1
261;0.664180;5000.000000;0:1
262;0.932132;5000.000000;0:1
263;0.973017;5000.000000;0:1
264;0.994738;5000.000000;0:1
265;0.955710;5000.000000;0:1
266;0.675246;5000.000000;0:1
267;0.678774;5000.000000;0:1
268;0.819887;5000.000000;0:1
269;0.697510;5000.000000;0:1
270;0.822713;5000.000000;0:1
271;0.800203;5000.000000;0:1
272;0.760966;5000.000000;0:1
273;0.915209;5000.000000;0:1
274;0.886553;5000.000000;0:1
275;0.636848;5000.000000;0:1
276;0.918087;5000.000000;0:1
277;0.726618;5000.000000;0:1
278;0.628757;5000.000000;0:1
279;0.827305;5000.000000;0:1
280;0.896749;5000.000000;0:1
281;0.770607;5000.000000;0:1
282;0.922337;5000.000000;0:1
283;0.651782;5000.000000;0:1
284;0.619776;5000.000000;0:1
285;0.705345;5000.000000;0:1
286;0.827727;5000.000000;0:1
287;0.686442;5000.000000;0:1
288;0.828904;5000.000000;0:1
289;0.780786;5000.000000;0:1
290;0.699487;5000.000000;0:1
291;0.735883;5000.000000;0:1
292;0.654990;5000.000000;0:1
293;0.652606;5000.000000;0:1
294;0.920440;5000.000000;0:1
295;0.642109;5000.000000;0:1
296;0.906235;5000.000000;0:1
297;0.959699;5000.000000;0:1
298;0.899814;5000.000000;0:1
299;0.888872;5000.000000;0:1
300;0.847085;5000.000000;0:1
301;0.882100;5000.000000;0:1
302;0.841262;5000.000000;0:1
303;0.726144;5000.000000;0:1
304;0.874427;5000.000000;0:1
305;0.921778;5000.000000;0:1
306;0.988470;5000.000000;0:1
307;0.678227;5000.000000;0:1
308;0.632813;5000.000000;0:1
309;0.617344;5000.000000;0:1
310;0.986608;5000.000000;0:1
311;0.864849;5000.000000;0:1
312;0.611447;5000.000000;0:1
313;0.990432;5000.000000;0:1
314;0.644555;5000.000000;0:1
315;0.712021;5000.000000;0:1
316;0.967886;5000.000000;0:1
317;0.891059;5000.000000;0:1
318;0.979315;5000.000000;0:1
319;0.999550;5000.000000;0:1
320;0.697910;5000.000000;0:1
321;0.606273;5000.000000;0:1
322;0.805236;5000.000000;0:1
323;0.889584;5000.000000;0:1
324;0.655972;5000.000000;0:1
325;0.615597;5000.000000;0:1
326;0.648290;5000.000000;0:1
327;0.755882;5000.000000;0:1
328;0.917213;5000.000000;0:1
329;0.874178;5000.000000;0:1
330;0.629162;5000.000000;0:1
331;0.720531;5000.000000;0:1
332;0.975981;5000.000000;0:1
333;0.605131;5000.000000;0:1
334;0.985080;5000.000000;0:1
335;0.912799;5000.000000;0:1
336;0.816620;5000.000000;0:1
337;0.867264;5000.000000;0:1
338;0.634646;5000.000000;0:1
339;0.810538;5000.000000;0:1
340;0.989066;5000.000000;0:1
341;0.765458;5000.000000;0:1
342;0.897775;5000.000000;0:1
343;0.767585;5000.000000;0:1
344;0.772023;5000.000000;0:1
345;0.607851;5000.000000;0:1
346;0.801553;5000.000000;0:1
347;0.773344;5000.000000;0:1
348;0.876985;5000.000000;0:1
349;0.819828;5000.000000;0:1
350;0.755456;5000.000000;0:1
351;0.720507;5000.000000;0:1
352;0.925100;5000.000000;0:1
353;0.763172;5000.000000;0:1
354;0.951707;5000.000000;0:1
355;0.841175;5000.000000;0:1
356;0.975912;5000.000000;0:1
357;0.610473;5000.000000;0:1
358;0.695406;5000.000000;0:1
359;0.929307;5000.000000;0:1
360;0.838761;5000.000000;0:1
361;0.918597;5000.000000;0:1
362;0.634499;5000.000000;0:1
363;0.702216;5000.000000;0:1
364;0.624127;5000.000000;0:1
365;0.871873;5000.000000;0:1
366;0.624267;5000.000000;0:1
367;0.792501;5000.000000;0:1
368;0.869767;5000.000000;0:1
369;0.650060;5000.000000;0:1
370;0.696498;5000.000000;0:1
371;0.830566;5000.000000;0:1
372;0.739397;5000.000000;0:1
373;0.680120;5000.000000;0:1
374;0.790571;5000.000000;0:1
375;0.660810;5000.000000;0:1
376;0.911416;5000.000000;0:1
377;0.868230;5000.000000;0:1
378;0.878816;5000.000000;0:1
379;0.940231;5000.000000;0:1
380;0.738927;5000.000000;0:1
381;0.904155;5000.000000;0:1
382;0.867578;5000.000000;0:1
383;0.946925;5000.000000;0:1
384;0.772312;5000.000000;0:1
385;0.654084;5000.000000;0:1
386;0.963862;5000.000000;0:1
387;0.884632;5000.000000;0:1
388;0.922623;5000.000000;0:1
389;0.877581;5000.000000;0:1
390;0.611169;5000.000000;0:1
391;0.684606;5000.000000;0:1
392;0.821810;5000.000000;0:1
393;0.784013;5000.000000;0:1
394;0.997339;5000.000000;0:1
395;0.922950;5000.000000;0:1
396;0.642754;5000.000000;0:1
397;0.780192;5000.000000;0:1
398;0.714073;5000.000000;0:1
399;0.948584;5000.000000;0:1
400;0.859405;5000.000000;0:1
401;0.943452;5000.000000;0:1
402;0.803350;5000.000000;0:1
403;0.869139;5000.000000;0:1
404;0.930148;5000.000000;0:1
405;0.669651;5000.000000;0:1
406;0.721476;5000.000000;0:1
407;0.749162;5000.000000;0:1
408;0.942623;5000.000000;0:1
409;0.882527;5000.000000;0:1
410;0.723855;5000.000000;0:1
411;0.698869;5000.000000;0:1
412;0.843275;5000.000000;0:1
413;0.802164;5000.000000;0:1
414;0.798513;5000.000000;0:1
415;0.848860;5000.000000;0:1
416;0.966451;5000.000000;0:1
417;0.902810;5000.000000;0:1
418;0.839866;5000.000000;0:1
419;0.992663;5000.000000;0:1
420;0.701941;5000.000000;0:1
421;0.820277;5000.000000;0:1
422;0.993923;5000.000000;0:1
423;0.667305;5000.000000;0:1
424;0.902382;5000.000000;0:1
425;0.799711;5000.000000;0:1
426;0.667419;5000.000000;0:1
427;0.790221;5000.000000;0:1
428;0.994199;5000.000000;0:1
429;0.892591;5000.000000;0:1
430;0.832794;5000.000000;0:1
431;0.659397;5000.000000;0:1
432;0.730977;5000.000000;0:1
433;0.832911;5000.000000;0:1
434;0.867850;5000.000000;0:1
435;0.743311;5000.000000;0:1
436;0.918630;5000.000000;0:1
437;0.616110;5000.000000;0:1
438;0.842085;5000.000000;0:1
439;0.884974;5000.000000;0:1
440;0.813703;5000.000000;0:1
441;0.905381;5000.000000;0:1
442;0.838218;5000.000000;0:1
443;0.820920;5000.000000;0:1
444;0.673784;5000.000000;0:1
445;0.957913;5000.000000;0:1
446;0.788372;5000.000000;0:1
447;0.731881;5000.000000;0:1
448;0.881372;5000.000000;0:1
449;0.859415;5000.000000;0:1
450;0.917217;5000.000000;0:1
451;0.753752;5000.000000;0:1
452;0.829170;5000.000000;0:1
453;0.732035;5000.000000;0:1
454;0.659715;5000.000000;0:1
455;0.697300;5000.000000;0:1
456;0.971394;5000.000000;0:1
457;0.933312;5000.000000;0:1
458;0.735807;5000.000000;0:1
459;0.625610;5000.000000;0:1
460;0.971675;5000.000000;0:1
461;0.747366;5000.000000;0:1
462;0.852307;5000.000000;0:1
463;0.982664;5000.000000;0:1
464;0.865647;5000.000000;0:1
465;0.660440;5000.000000;0:1
466;0.802251;5000.000000;0:1
467;0.947990;5000.000000;0:1
468;0.924330;5000.000000;0:1
469;0.891006;5000.000000;0:1
470;0.615501;5000.000000;0:1
471;0.983904;5000.000000;0:1
472;0.957717;5000.000000;0:1
473;0.710745;5000.000000;0:1
474;0.936947;5000.000000;0:1
475;0.612532;5000.000000;0:1
476;0.633153;5000.000000;0:1
477;0.620626;5000.000000;0:1
478;0.765525;5000.000000;0:1
479;0.988742;5000.000000;0:1
480;0.706570;5000.000000;0:1
481;0.895458;5000.000000;0:1
482;0.644470;5000.000000;0:1
483;0.963056;5000.000000;0:1
484;0.979636;5000.000000;0:1
485;0.872589;5000.000000;0:1
486;0.957886;5000.000000;0:1
487;0.622889;5000.000000;0:1
488;0.944259;5000.000000;0:1
489;0.760840;5000.000000;0:1
490;0.732174;5000.000000;0:1
491;0.975995;5000.000000;0:1
492;0.663813;5000.000000;0:1
493;0.926056;5000.000000;0:1
494;0.681267;5000.000000;0:1
495;0.855137;5000.000000;0:1
496;0.827813;5000.000000;0:1
497;0.753713;5000.000000;0:1
498;0.710888;5000.000000;0:1
499;0.724558;5000.000000;0:1
500;0.990376;5000.000000;0:1
501;0.910449;5000.000000;0:1
502;0.776211;5000.000000;0:1
503;0.770763;5000.000000;0:1
504;0.676120;5000.000000;0:1
505;0.989831;5000.000000;0:1
506;0.786588;5000.000000;0:1
507;0.641218;5000.000000;0:1
508;0.762898;5000.000000;0:1
509;0.843977;5000.000000;0:1
510;0.750619;5000.000000;0:1
511;0.770599;5000.000000;0:1
512;0.747297;5000.000000;1:1
513;0.670578;5000.000000;1:1
514;0.643277;5000.000000;1:1
515;0.729057;5000.000000;1:1
516;0.849021;5000.000000;1:1
517;0.661242;5000.000000;1:1
518;0.842227;5000.000000;1:1
519;0.647191;5000.000000;1:1
520;0.682933;5000.000000;1:1
521;0.698847;5000.000000;1:1
522;0.659878;5000.000000;1:1
523;0.859253;5000.000000;1:1
524;0.813919;5000.000000;1:1
525;0.729644;5000.000000;1:1
526;0.888408;5000.000000;1:1
527;0.672392;5000.000000;1:1
528;0.695934;5000.000000;1:1
529;0.881785;5000.000000;1:1
530;0.813699;5000.000000;1:1
531;0.912508;5000.000000;1:1
532;0.813754;5000.000000;1:1
533;0.879772;5000.000000;1:1
534;0.870668;5000.000000;1:1
535;0.911454;5000.000000;1:1
536;0.862582;5000.000000;1:1
537;0.839509;5000.000000;1:1
538;0.812799;5000.000000;1:1
539;0.798394;5000.000000;1:1
540;0.682021;5000.000000;1:1
541;0.943529;5000.000000;1:1
542;0.790760;5000.000000;1:1
543;0.882465;5000.000000;1:1
544;0.880520;5000.000000;1:1
545;0.900556;5000.000000;1:1
546;0.837779;5000.000000;1:1
547;0.650254;5000.000000;1:1
548;0.795770;5000.000000;1:1
549;0.668568;5000.000000;1:1
550;0.859038;5000.000000;1:1
551;0.791536;5000.000000;1:1
552;0.914909;5000.000000;1:1
553;0.892213;5000.000000;1:1
554;0.621534;5000.000000;1:1
555;0.622732;5000.000000;1:1
556;0.755052;5000.000000;1:1
557;0.870280;5000.000000;1:1
558;0.793422;5000.000000;1:1
559;0.711035;5000.000000;1:1
560;0.638409;5000.000000;1:1
561;0.801769;5000.000000;1:1
562;0.680148;5000.000000;1:1
563;0.796796;5000.000000;1:1
564;0.941199;5000.000000;1:1
565;0.908606;5000.000000;1:1
566;0.711936;5000.000000;1:1
567;0.624551;5000.000000;1:1
568;0.900739;5000.000000;1:1
569;0.689732;5000.000000;1:1
570;0.668479;5000.000000;1:1
571;0.655046;5000.000000;1:1
572;0.962568;5000.000000;1:1
573;0.989287;5000.000000;1:1
574;0.662734;5000.000000;1:1
575;0.708325;5000.000000;1:1
576;0.750095;5000.000000;1:1
577;0.863062;5000.000000;1:1
578;0.668243;5000.000000;1:1
579;0.681107;5000.000000;1:1
580;0.851789;5000.000000;1:1
581;0.822483;5000.000000;1:1
582;0.989615;5000.000000;1:1
583;0.844256;5000.000000;1:1
584;0.866073;5000.000000;1:1
585;0.709594;5000.000000;1:1
586;0.733162;5000.000000;1:1
587;0.708044;5000.000000;1:1
588;0.978393;5000.000000;1:1
589;0.872203;5000.000000;1:1
590;0.628683;5000.000000;1:1
591;0.850412;5000.000000;1:1
592;0.985653;5000.000000;1:1
593;0.912662;5000.000000;1:1
594;0.908765;5000.000000;1:1
595;0.767066;5000.000000;1:1
596;0.990171;5000.000000;1:1
597;0.944063;5000.000000;1:1
598;0.689873;5000.000000;1:1
599;0.728530;5000.000000;1:1
600;0.728597;5000.000000;1:1
601;0.618316;5000.000000;1:1
602;0.923525;5000.000000;1:1
603;0.968410;5000.000000;1:1
604;0.886202;5000.000000;1:1
605;0.906553;5000.000000;1:1
606;0.657056;5000.000000;1:1
607;0.716576;5000.000000;1:1
608;0.982142;5000.000000;1:1
609;0.873256;5000.000000;1:1
610;0.685472;5000.000000;1:1
611;0.751501;5000.000000;1:1
612;0.792543;5000.000000;1:1
613;0.846352;5000.000000;1:1
614;0.774176;5000.000000;1:1
615;0.757200;5000.000000;1:1
616;0.919360;5000.000000;1:1
617;0.851937;5000.000000;1:1
618;0.808975;5000.000000;1:1
619;0.735879;5000.000000;1:1
620;0.756771;5000.000000;1:1
621;0.688435;5000.000000;1:1
622;0.839254;5000.000000;1:1
623;0.705879;5000.000000;1:1
624;0.866023;5000.000000;1:1
625;0.637401;5000.000000;1:1
626;0.858403;5000.000000;1:1
627;0.980961;5000.000000;1:1
628;0.744437;5000.000000;1:1
629;0.754530;5000.000000;1:1
630;0.767766;5000.000000;1:1
631;0.878023;5000.000000;1:1
632;0.988384;5000.000000;1:1
633;0.741732;5000.000000;1:1
634;0.765648;5000.000000;1:1
635;0.794112;5000.000000;1:1
636;0.633594;5000.000000;1:1
637;0.764022;5000.000000;1:1
638;0.908468;5000.000000;1:1
639;0.733158;5000.000000;1:1
640;0.768791;5000.000000;1:1
641;0.944060;5000.000000;1:1
642;0.660929;5000.000000;1:1
643;0.705530;5000.000000;1:1
644;0.990115;5000.000000;1:1
645;0.981649;5000.000000;1:1
646;0.785851;5000.000000;1:1
647;0.697774;5000.000000;1:1
648;0.771925;5000.000000;1:1
649;0.646493;5000.000000;1:1
650;0.720571;5000.000000;1:1
651;0.959714;5000.000000;1:1
652;0.869173;5000.000000;1:1
653;0.835242;5000.000000;1:1
654;0.787169;5000.000000;1:1
655;0.765926;5000.000000;1:1
656;0.718934;5000.000000;1:1
657;0.716074;5000.000000;1:1
658;0.868874;5000.000000;1:1
659;0.690407;5000.000000;1:1
660;0.697343;5000.000000;1:1
661;0.765452;5000.000000;1:1
662;0.957015;5000.000000;1:1
663;0.691485;5000.000000;1:1
664;0.672073;5000.000000;1:1
665;0.936182;5000.000000;1:1
666;0.615339;5000.000000;1:1
667;0.706879;5000.000000;1:1
668;0.696404;5000.000000;1:1
669;0.939445;5000.000000;1:1
670;0.880680;5000.000000;1:1
671;0.689167;5000.000000;1:1
672;0.659358;5000.000000;1:1
673;0.720700;5000.000000;1:1
674;0.850052;5000.000000;1:1
675;0.944439;5000.000000;1:1
676;0.667606;5000.000000;1:1
677;0.741644;5000.000000;1:1
678;0.875895;5000.000000;1:1
679;0.797820;5000.000000;1:1
680;0.639862;5000.000000;1:1
681;0.645769;5000.000000;1:1
682;0.946442;5000.000000;1:1
683;0.975416;5000.000000;1:1
684;0.638905;5000.000000;1:1
685;0.636725;5000.000000;1:1
686;0.928978;5000.000000;1:1
687;0.906164;5000.000000;1:1
688;0.915420;5000.000000;1:1
689;0.609002;5000.000000;1:1
690;0.821478;5000.000000;1:1
691;0.859645;5000.000000;1:1
692;0.973524;5000.000000;1:1
693;0.987896;5000.000000;1:1
694;0.675693;5000.000000;1:1
695;0.944953;5000.000000;1:1
696;0.980193;5000.000000;1:1
697;0.862144;5000.000000;1:1
698;0.731848;5000.000000;1:1
699;0.903255;5000.000000;1:1
700;0.837297;5000.000000;1:1
701;0.759443;5000.000000;1:1
702;0.619723;5000.000000;1:1
703;0.634121;5000.000000;1:1
704;0.713782;5000.000000;1:1
705;0.867828;5000.000000;1:1
706;0.814819;5000.000000;1:1
707;0.860166;5000.000000;1:1
708;0.873963;5000.000000;1:1
709;0.859238;5000.000000;1:1
710;0.757182;5000.000000;1:1
711;0.850320;5000.000000;1:1
712;0.926713;5000.000000;1:1
713;0.722161;5000.000000;1:1
714;0.754035;5000.000000;1:1
715;0.772650;5000.000000;1:1
716;0.858841;5000.000000;1:1
717;0.744596;5000.000000;1:1
718;0.845587;5000.000000;1:1
719;0.864359;5000.000000;1:1
720;0.768434;5000.000000;1:1
721;0.962309;5000.000000;1:1
722;0.897237;5000.000000;1:1
723;0.914936;5000.000000;1:1
724;0.807605;5000.000000;1:1
725;0.771388;5000.000000;1:1
726;0.990806;5000.000000;1:1
727;0.875371;5000.000000;1:1
728;0.798697;5000.000000;1:1
729;0.810041;5000.000000;1:1
730;0.656647;5000.000000;1:1
731;0.949758;5000.000000;1:1
732;0.611018;5000.000000;1:1
733;0.984708;5000.000000;1:1
734;0.720822;5000.000000;1:1
735;0.706532;5000.000000;1:1
736;0.943926;5000.000000;1:1
737;0.764675;5000.000000;1:1
738;0.967464;5000.000000;1:1
739;0.967052;5000.000000;1:1
740;0.969206;5000.000000;1:1
741;0.918557;5000.000000;1:1
742;0.964172;5000.000000;1:1
743;0.943819;5000.000000;1:1
744;0.904201;5000.000000;1:1
745;0.919804;5000.000000;1:1
746;0.810697;5000.000000;1:1
747;0.719786;5000.000000;1:1
748;0.628338;5000.000000;1:1
749;0.918968;5000.000000;1:1
750;0.813665;5000.000000;1:1
751;0.749928;5000.000000;1:1
752;0.889830;5000.000000;1:1
753;0.674280;5000.000000;1:1
754;0.866475;5000.000000;1:1
755;0.769798;5000.000000;1:1
756;0.791765;5000.000000;1:1
757;0.617557;5000.000000;1:1
758;0.806101;5000.000000;1:1
759;0.716186;5000.000000;1:1
760;0.823829;5000.000000;1:1
761;0.823582;5000.000000;1:1
762;0.816270;5000.000000;1:1
763;0.855793;5000.000000;1:1
764;0.623796;5000.000000;1:1
765;0.848646;5000.000000;1:1
766;0.726887;5000.000000;1:1
767;0.783864;5000.000000;1:1
768;0.748744;5000.000000;1:1
769;0.995064;5000.000000;1:1
770;0.868138;5000.000000;1:1
771;0.842640;5000.000000;1:1
772;0.686830;5000.000000;1:1
773;0.791196;5000.000000;1:1
774;0.871738;5000.000000;1:1
775;0.982234;5000.000000;1:1
776;0.691758;5000.000000;1:1
777;0.682040;5000.000000;1:1
778;0.722426;5000.000000;1:1
779;0.696468;5000.000000;1:1
780;0.697905;5000.000000;1:1
781;0.961921;5000.000000;1:1
782;0.934735;5000.000000;1:1
783;0.854261;5000.000000;1:1
784;0.723267;5000.000000;1:1
785;0.915746;5000.000000;1:1
786;0.992160;5000.000000;1:1
787;0.978681;5000.000000;1:1
788;0.902925;5000.000000;1:1
789;0.618360;5000.000000;1:1
790;0.641947;5000.000000;1:1
791;0.788074;5000.000000;1:1
792;0.752487;5000.000000;1:1
793;0.897653;5000.000000;1:1
794;0.872605;5000.000000;1:1
795;0.763737;5000.000000;1:1
796;0.764268;5000.000000;1:1
797;0.973063;5000.000000;1:1
798;0.960966;5000.000000;1:1
799;0.985871;5000.000000;1:1
800;0.788432;5000.000000;1:1
801;0.931593;5000.000000;1:1
802;0.964218;5000.000000;1:1
803;0.873982;5000.000000;1:1
804;0.630460;5000.000000;1:1
805;0.908949;5000.000000;1:1
806;0.947799;5000.000000;1:1
807;0.946326;5000.000000;1:1
808;0.893275;5000.000000;1:1
809;0.999697;5000.000000;1:1
810;0.608099;5000.000000;1:1
811;0.978669;5000.000000;1:1
812;0.991699;5000.000000;1:1
813;0.837427;5000.000000;1:1
814;0.666540;5000.000000;1:1
815;0.695079;5000.000000;1:1
816;0.704598;5000.000000;1:1
817;0.689172;5000.000000;1:1
818;0.861138;5000.000000;1:1
819;0.725556;5000.000000;1:1
820;0.961398;5000.000000;1:1
821;0.700914;5000.000000;1:1
822;0.739552;5000.000000;1:1
823;0.862133;5000.000000;1:1
824;0.986919;5000.000000;1:1
825;0.836514;5000.000000;1:1
826;0.900605;5000.000000;1:1
827;0.930602;5000.000000;1:1
828;0.977441;5000.000000;1:1
829;0.752535;5000.000000;1:1
830;0.874470;5000.000000;1:1
831;0.852701;5000.000000;1:1
832;0.607368;5000.000000;1:1
833;0.916346;5000.000000;1:1
834;0.991446;5000.000000;1:1
835;0.965029;5000.000000;1:1
836;0.807713;5000.000000;1:1
837;0.739126;5000.000000;1:1
838;0.827462;5000.000000;1:1
839;0.965299;5000.000000;1:1
840;0.823159;5000.000000;1:1
841;0.944872;5000.000000;1:1
842;0.930276;5000.000000;1:1
843;0.726766;5000.000000;1:1
844;0.617261;5000.000000;1:1
845;0.955971;5000.000000;1:1
846;0.709787;5000.000000;1:1
847;0.887349;5000.000000;1:1
848;0.711865;5000.000000;1:1
849;0.869514;5000.000000;1:1
850;0.934782;5000.000000;1:1
851;0.723954;5000.000000;1:1
852;0.838983;5000.000000;1:1
853;0.694432;5000.000000;1:1
854;0.662774;5000.000000;1:1
855;0.893991;5000.000000;1:1
856;0.968729;5000.000000;1:1
857;0.903063;5000.000000;1:1
858;0.792980;5000.000000;1:1
859;0.664416;5000.000000;1:1
860;0.636756;5000.000000;1:1
861;0.957657;5000.000000;1:1
862;0.884031;5000.000000;1:1
863;0.699464;5000.000000;1:1
864;0.734480;5000.000000;1:1
865;0.995591;5000.000000;1:1
866;0.796850;5000.000000;1:1
867;0.886214;5000.000000;1:1
868;0.991322;5000.000000;1:1
869;0.818785;5000.000000;1:1
870;0.997890;5000.000000;1:1
871;0.826315;5000.000000;1:1
872;0.617910;5000.000000;1:1
873;0.704483;5000.000000;1:1
874;0.842504;5000.000000;1:1
875;0.849804;5000.000000;1:1
876;0.943643;5000.000000;1:1
877;0.986500;5000.000000;1:1
878;0.638403;5000.000000;1:1
879;0.831850;5000.000000;1:1
880;0.750034;5000.000000;1:1
881;0.838189;5000.000000;1:1
882;0.831538;5000.000000;1:1
883;0.999903;5000.000000;1:1
884;0.754340;5000.000000;1:1
885;0.973799;5000.000000;1:1
886;0.814903;5000.000000;1:1
887;0.990623;5000.000000;1:1
888;0.888064;5000.000000;1:1
889;0.905481;5000.000000;1:1
890;0.930759;5000.000000;1:1
891;0.791289;5000.000000;1:1
892;0.985871;5000.000000;1:1
893;0.634265;5000.000000;1:1
894;0.703395;5000.000000;1:1
895;0.962728;5000.000000;1:1
896;0.849721;5000.000000;1:1
897;0.686243;5000.000000;1:1
898;0.886771;5000.000000;1:1
899;0.786439;5000.000000;1:1
900;0.729967;5000.000000;1:1
901;0.913642;5000.000000;1:1
902;0.977364;5000.000000;1:1
903;0.719336;5000.000000;1:1
904;0.829737;5000.000000;1:1
905;0.812769;5000.000000;1:1
906;0.693167;5000.000000;1:1
907;0.692440;5000.000000;1:1
908;0.828308;5000.000000;1:1
909;0.978966;5000.000000;1:1
910;0.947528;5000.000000;1:1
911;0.638707;5000.000000;1:1
912;0.629293;5000.000000;1:1
913;0.758969;5000.000000;1:1
914;0.809686;5000.000000;1:1
915;0.913559;5000.000000;1:1
916;0.906818;5000.000000;1:1
917;0.938809;5000.000000;1:1
918;0.897974;5000.000000;1:1
919;0.713894;5000.000000;1:1
920;0.671392;5000.000000;1:1
921;0.610769;5000.000000;1:1
922;0.651249;5000.000000;1:1
923;0.798080;5000.000000;1:1
924;0.902060;5000.000000;1:1
925;0.685427;5000.000000;1:1
926;0.915465;5000.000000;1:1
927;0.615419;5000.000000;1:1
928;0.896026;5000.000000;1:1
929;0.801161;5000.000000;1:1
930;0.953797;5000.000000;1:1
931;0.855505;5000.000000;1:1
932;0.665513;5000.000000;1:1
933;0.986681;5000.000000;1:1
934;0.705063;5000.000000;1:1
935;0.916187;5000.000000;1:1
936;0.874253;5000.000000;1:1
937;0.656943;5000.000000;1:1
938;0.948267;5000.000000;1:1
939;0.938818;5000.000000;1:1
940;0.806912;5000.000000;1:1
941;0.629755;5000.000000;1:1
942;0.945904;5000.000000;1:1
943;0.925320;5000.000000;1:1
944;0.675299;5000.000000;1:1
945;0.742269;5000.000000;1:1
946;0.768983;5000.000000;1:1
947;0.800025;5000.000000;1:1
948;0.949903;5000.000000;1:1
949;0.658294;5000.000000;1:1
950;0.939373;5000.000000;1:1
951;0.827319;5000.000000;1:1
952;0.697102;5000.000000;1:1
953;0.604318;5000.000000;1:1
954;0.933333;5000.000000;1:1
955;0.627013;5000.000000;1:1
956;0.772201;5000.000000;1:1
957;0.850954;5000.000000;1:1
958;0.988599;5000.000000;1:1
959;0.980335;5000.000000;1:1
960;0.797757;5000.000000;1:1
961;0.822969;5000.000000;1:1
962;0.938438;5000.000000;1:1
963;0.692607;5000.000000;1:1
964;0.756922;5000.000000;1:1
965;0.931265;5000.000000;1:1
966;0.887633;5000.000000;1:1
967;0.777829;5000.000000;1:1
968;0.895353;5000.000000;1:1
969;0.820688;5000.000000;1:1
970;0.879379;5000.000000;1:1
971;0.731894;5000.000000;1:1
972;0.636062;5000.000000;1:1
973;0.780957;5000.000000;1:1
974;0.680808;5000.000000;1:1
975;0.774211;5000.000000;1:1
976;0.609019;5000.000000;1:1
977;0.762984;5000.000000;1:1
978;0.764972;5000.000000;1:1
979;0.904097;5000.000000;1:1
980;0.755427;5000.000000;1:1
981;0.938433;5000.000000;1:1
982;0.654442;5000.000000;1:1
983;0.873929;5000.000000;1:1
984;0.959779;5000.000000;1:1
985;0.894279;5000.000000;1:1
986;0.607077;5000.000000;1:1
987;0.708750;5000.000000;1:1
988;0.960506;5000.000000;1:1
989;0.817383;5000.000000;1:1
990;0.933294;5000.000000;1:1
991;0.703426;5000.000000;1:1
992;0.670701;5000.000000;1:1
993;0.741128;5000.000000;1:1
994;0.636412;5000.000000;1:1
995;0.777933;5000.000000;1:1
996;0.772753;5000.000000;1:1
997;0.997865;5000.000000;1:1
998;0.818672;5000.000000;1:1
999;0.839530;5000.000000;1:1
1000;0.711898;5000.000000;1:1
1001;0.636572;5000.000000;1:1
1002;0.947236;5000.000000;1:1
1003;0.949009;5000.000000;1:1
1004;0.910568;5000.000000;1:1
1005;0.813488;5000.000000;1:1
1006;0.757096;5000.000000;1:1
1007;0.936553;5000.000000;1:1
1008;0.743368;5000.000000;1:1
1009;0.610046;5000.000000;1:1
1010;0.969296;5000.000000;1:1
1011;0.968825;5000.000000;1:1
1012;0.703029;5000.000000;1:1
1013;0.769893;5000.000000;1:1
1014;0.667959;5000.000000;1:1
1015;0.965489;5000.000000;1:1
1016;0.840012;5000.000000;1:1
1017;0.631556;5000.000000;1:1
1018;0.608295;5000.000000;1:1
1019;0.858123;5000.000000;1:1
1020;0.990697;5000.000000;1:1
1021;0.977416;5000.000000;1:1
1022;0.708308;5000.000000;1:1
1023;0.840358;5000.000000;1:1
1024;0.635266;5000.000000;0:1,1:1
1025;0.868108;5000.000000;0:1,1:1
1026;0.904149;5000.000000;0:1,1:1
1027;0.829559;5000.000000;0:1,1:1
1028;0.695608;5000.000000;0:1,1:1
1029;0.801434;5000.000000;0:1,1:1
1030;0.640369;5000.000000;0:1,1:1
1031;0.992477;5000.000000;0:1,1:1
1032;0.899174;5000.000000;0:1,1:1
1033;0.983679;5000.000000;0:1,1:1
1034;0.746431;5000.000000;0:1,1:1
1035;0.961009;5000.000000;0:1,1:1
1036;0.617250;5000.000000;0:1,1:1
1037;0.704630;5000.000000;0:1,1:1
1038;0.961259;5000.000000;0:1,1:1
1039;0.989069;5000.000000;0:1,1:1
1040;0.645144;5000.000000;0:1,1:1
1041;0.757839;5000.000000;0:1,1:1
1042;0.668254;5000.000000;0:1,1:1
1043;0.709497;5000.000000;0:1,1:1
1044;0.619892;5000.000000;0:1,1:1
1045;0.668641;5000.000000;0:1,1:1
1046;0.704573;5000.000000;0:1,1:1
1047;0.849527;5000.000000;0:1,1:1
1048;0.662820;5000.000000;0:1,1:1
1049;0.738765;5000.000000;0:1,1:1
1050;0.903890;5000.000000;0:1,1:1
1051;0.934560;5000.000000;0:1,1:1
1052;0.680492;5000.000000;0:1,1:1
1053;0.797628;5000.000000;0:1,1:1
1054;0.928775;5000.000000;0:1,1:1
1055;0.938433;5000.000000;0:1,1:1
1056;0.714151;5000.000000;0:1,1:1
1057;0.735791;5000.000000;0:1,1:1
1058;0.667974;5000.000000;0:1,1:1
1059;0.940692;5000.000000;0:1,1:1
1060;0.846076;5000.000000;0:1,1:1
1061;0.640872;5000.000000;0:1,1:1
1062;0.718989;5000.000000;0:1,1:1
1063;0.944295;5000.000000;0:1,1:1
1064;0.884943;5000.000000;0:1,1:1
1065;0.697081;5000.000000;0:1,1:1
1066;0.749879;5000.000000;0:1,1:1
1067;0.858583;5000.000000;0:1,1:1
1068;0.648107;5000.000000;0:1,1:1
1069;0.939497;5000.000000;0:1,1:1
1070;0.734397;5000.000000;0:1,1:1
1071;0.714169;5000.000000;0:1,1:1
1072;0.726593;5000.000000;0:1,1:1
1073;0.745267;5000.000000;0:1,1:1
1074;0.834951;5000.000000;0:1,1:1
1075;0.883732;5000.000000;0:1,1:1
1076;0.736590;5000.000000;0:1,1:1
1077;0.993586;5000.000000;0:1,1:1
1078;0.607943;5000.000000;0:1,1:1
1079;0.739890;5000.000000;0:1,1:1
1080;0.973330;5000.000000;0:1,1:1
1081;0.696306;5000.000000;0:1,1:1
1082;0.818439;5000.000000;0:1,1:1
1083;0.922142;5000.000000;0:1,1:1
1084;0.775172;5000.000000;0:1,1:1
1085;0.849321;5000.000000;0:1,1:1
1086;0.766635;5000.000000;0:1,1:1
1087;0.879070;5000.000000;0:1,1:1
1088;0.864148;5000.000000;0:1,1:1
1089;0.851020;5000.000000;0:1,1:1
1090;0.767601;5000.000000;0:1,1:1
1091;0.870902;5000.000000;0:1,1:1
1092;0.844901;5000.000000;0:1,1:1
1093;0.982426;5000.000000;0:1,1:1
1094;0.703083;5000.000000;0:1,1:1
1095;0.724846;5000.000000;0:1,1:1
1096;0.776339;5000.000000;0:1,1:1
1097;0.885690;5000.000000;0:1,1:1
1098;0.678638;5000.000000;0:1,1:1
1099;0.954942;5000.000000;0:1,1:1
1100;0.717227;5000.000000;0:1,1:1
1101;0.908981;5000.000000;0:1,1:1
1102;0.776943;5000.000000;0:1,1:1
1103;0.932759;5000.000000;0:1,1:1
1104;0.869455;5000.000000;0:1,1:1
1105;0.622000;5000.000000;0:1,1:1
1106;0.940876;5000.000000;0:1,1:1
1107;0.866875;5000.000000;0:1,1:1
1108;0.991298;5000.000000;0:1,1:1
1109;0.813166;5000.000000;0:1,1:1
1110;0.999753;5000.000000;0:1,1:1
1111;0.611948;5000.000000;0:1,1:1
1112;0.845708;5000.000000;0:1,1:1
1113;0.807955;5000.000000;0:1,1:1
1114;0.608365;5000.000000;0:1,1:1
1115;0.838156;5000.000000;0:1,1:1
1116;0.762002;5000.000000;0:1,1:1
1117;0.838370;5000.000000;0:1,1:1
1118;0.621610;5000.000000;0:1,1:1
1119;0.996191;5000.000000;0:1,1:1
1120;0.831743;5000.000000;0:1,1:1
1121;0.976450;5000.000000;0:1,1:1
1122;0.727925;5000.000000;0:1,1:1
1123;0.870391;5000.000000;0:1,1:1
1124;0.663173;5000.000000;0:1,1:1
1125;0.708501;5000.000000;0:1,1:1
1126;0.681676;5000.000000;0:1,1:1
1127;0.804022;5000.000000;0:1,1:1
1128;0.698713;5000.000000;0:1,1:1
1129;0.765491;5000.000000;0:1,1:1
1130;0.789164;5000.000000;0:1,1:1
1131;0.758693;5000.000000;0:1,1:1
1132;0.946730;5000.000000;0:1,1:1
1133;0.789256;5000.000000;0:1,1:1
1134;0.609584;5000.000000;0:1,1:1
1135;0.974498;5000.000000;0:1,1:1
1136;0.753707;5000.000000;0:1,1:1
1137;0.993838;5000.000000;0:1,1:1
1138;0.956601;5000.000000;0:1,1:1
1139;0.756385;5000.000000;0:1,1:1
1140;0.627619;5000.000000;0:1,1:1
1141;0.855027;5000.000000;0:1,1:1
1142;0.619583;5000.000000;0:1,1:1
1143;0.910438;5000.000000;0:1,1:1
1144;0.931423;5000.000000;0:1,1:1
1145;0.738896;5000.000000;0:1,1:1
1146;0.622226;5000.000000;0:1,1:1
1147;0.806099;5000.000000;0:1,1:1
1148;0.693853;5000.000000;0:1,1:1
1149;0.605995;5000.000000;0:1,1:1
1150;0.911544;5000.000000;0:1,1:1
1151;0.637676;5000.000000;0:1,1:1
1152;0.697863;5000.000000;0:1,1:1
1153;0.641426;5000.000000;0:1,1:1
1154;0.980118;5000.000000;0:1,1:1
1155;0.875236;5000.000000;0:1,1:1
1156;0.928339;5000.000000;0:1,1:1
1157;0.719781;5000.000000;0:1,1:1
1158;0.842169;5000.000000;0:1,1:1
1159;0.646590;5000.000000;0:1,1:1
1160;0.810692;5000.000000;0:1,1:1
1161;0.867793;5000.000000;0:1,1:1
1162;0.875688;5000.000000;0:1,1:1
1163;0.738264;5000.000000;0:1,1:1
1164;0.864522;5000.000000;0:1,1:1
1165;0.831519;5000.000000;0:1,1:1
1166;0.889857;5000.000000;0:1,1:1
1167;0.913151;5000.000000;0:1,1:1
1168;0.788048;5000.000000;0:1,1:1
1169;0.636656;5000.000000;0:1,1:1
1170;0.637617;5000.000000;0:1,1:1
1171;0.843858;5000.000000;0:1,1:1
1172;0.893468;5000.000000;0:1,1:1
1173;0.997756;5000.000000;0:1,1:1
1174;0.623842;5000.000000;0:1,1:1
1175;0.717108;5000.000000;0:1,1:1
1176;0.737288;5000.000000;0:1,1:1
1177;0.857897;5000.000000;0:1,1:1
1178;0.708368;5000.000000;0:1,1:1
1179;0.906122;5000.000000;0:1,1:1
1180;0.769980;5000.000000;0:1,1:1
1181;0.799353;5000.000000;0:1,1:1
1182;0.866949;5000.000000;0:1,1:1
1183;0.667366;5000.000000;0:1,1:1
1184;0.688685;5000.000000;0:1,1:1
1185;0.867267;5000.000000;0:1,1:1
1186;0.804848;5000.000000;0:1,1:1
1187;0.816789;5000.000000;0:1,1:1
1188;0.958682;5000.000000;0:1,1:1
1189;0.703785;5000.000000;0:1,1:1
1190;0.766084;5000.000000;0:1,1:1
1191;0.991144;5000.000000;0:1,1:1
1192;0.776731;5000.000000;0:1,1:1
1193;0.730834;5000.000000;0:1,1:1
1194;0.911240;5000.000000;0:1,1:1
1195;0.836157;5000.000000;0:1,1:1
1196;0.697935;5000.000000;0:1,1:1
1197;0.796337;5000.000000;0:1,1:1
1198;0.614555;5000.000000;0:1,1:1
1199;0.783254;5000.000000;0:1,1:1
1200;0.732385;5000.000000;0:1,1:1
1201;0.976039;5000.000000;0:1,1:1
1202;0.824298;5000.000000;0:1,1:1
1203;0.663360;5000.000000;0:1,1:1
1204;0.667648;5000.000000;0:1,1:1
1205;0.888752;5000.000000;0:1,1:1
1206;0.855019;5000.000000;0:1,1:1
1207;0.863463;5000.000000;0:1,1:1
1208;0.735765;5000.000000;0:1,1:1
1209;0.801301;5000.000000;0:1,1:1
1210;0.928596;5000.000000;0:1,1:1
1211;0.843219;5000.000000;0:1,1:1
1212;0.645213;5000.000000;0:1,1:1
1213;0.644920;5000.000000;0:1,1:1
1214;0.644288;5000.000000;0:1,1:1
1215;0.886985;5000.000000;0:1,1:1
1216;0.904841;5000.000000;0:1,1:1
1217;0.895675;5000.000000;0:1,1:1
1218;0.768308;5000.000000;0:1,1:1
1219;0.967775;5000.000000;0:1,1:1
1220;0.884268;5000.000000;0:1,1:1
1221;0.655609;5000.000000;0:1,1:1
1222;0.621401;5000.000000;0:1,1:1
1223;0.787513;5000.000000;0:1,1:1
1224;0.965648;5000.000000;0:1,1:1
1225;0.723200;5000.000000;0:1,1:1
1226;0.763642;5000.000000;0:1,1:1
1227;0.670042;5000.000000;0:1,1:1
1228;0.803025;5000.000000;0:1,1:1
1229;0.758552;5000.000000;0:1,1:1
1230;0.671221;5000.000000;0:1,1:1
1231;0.858566;5000.000000;0:1,1:1
1232;0.624584;5000.000000;0:1,1:1
1233;0.638963;5000.000000;0:1,1:1
1234;0.779635;5000.000000;0:1,1:1
1235;0.624531;5000.000000;0:1,1:1
1236;0.965966;5000.000000;0:1,1:1
1237;0.884130;5000.000000;0:1,1:1
1238;0.980121;5000.000000;0:1,1:1
1239;0.743844;5000.000000;0:1,1:1
1240;0.684112;5000.000000;0:1,1:1
1241;0.956143;5000.000000;0:1,1:1
1242;0.612553;5000.000000;0:1,1:1
1243;0.977080;5000.000000;0:1,1:1
1244;0.824917;5000.000000;0:1,1:1
1245;0.797031;5000.000000;0:1,1:1
1246;0.650523;5000.000000;0:1,1:1
1247;0.646238;5000.000000;0:1,1:1
1248;0.620649;5000.000000;0:1,1:1
1249;0.751809;5000.000000;0:1,1:1
1250;0.670119;5000.000000;0:1,1:1
1251;0.969030;5000.000000;0:1,1:1
1252;0.603616;5000.000000;0:1,1:1
1253;0.940701;5000.000000;0:1,1:1
1254;0.674664;5000.000000;0:1,1:1
1255;0.777535;5000.000000;0:1,1:1
1256;0.874769;5000.000000;0:1,1:1
1257;0.828087;5000.000000;0:1,1:1
1258;0.616137;5000.000000;0:1,1:1
1259;0.671214;5000.000000;0:1,1:1
1260;0.876725;5000.000000;0:1,1:1
1261;0.723598;5000.000000;0:1,1:1
1262;0.875801;5000.000000;0:1,1:1
1263;0.613036;5000.000000;0:1,1:1
1264;0.993626;5000.000000;0:1,1:1
1265;0.716374;5000.000000;0:1,1:1
1266;0.612237;5000.000000;0:1,1:1
1267;0.936757;5000.000000;0:1,1:1
1268;0.752300;5000.000000;0:1,1:1
1269;0.674379;5000.000000;0:1,1:1
1270;0.760019;5000.000000;0:1,1:1
1271;0.793430;5000.000000;0:1,1:1
1272;0.738920;5000.000000;0:1,1:1
1273;0.822765;5000.000000;0:1,1:1
1274;0.921326;5000.000000;0:1,1:1
1275;0.955049;5000.000000;0:1,1:1
1276;0.841100;5000.000000;0:1,1:1
1277;0.684218;5000.000000;0:1,1:1
1278;0.652348;5000.000000;0:1,1:1
1279;0.970455;5000.000000;0:1,1:1
1280;0.619719;5000.000000;0:1,1:1
1281;0.818788;5000.000000;0:1,1:1
1282;0.708931;5000.000000;0:1,1:1
1283;0.912628;5000.000000;0:1,1:1
1284;0.733768;5000.000000;0:1,1:1
1285;0.777385;5000.000000;0:1,1:1
1286;0.773222;5000.000000;0:1,1:1
1287;0.864530;5000.000000;0:1,1:1
1288;0.716608;5000.000000;0:1,1:1
1289;0.768613;5000.000000;0:1,1:1
1290;0.731839;5000.000000;0:1,1:1
1291;0.861399;5000.000000;0:1,1:1
1292;0.606249;5000.000000;0:1,1:1
1293;0.641755;5000.000000;0:1,1:1
1294;0.816508;5000.000000;0:1,1:1
1295;0.862833;5000.000000;0:1,1:1
1296;0.726143;5000.000000;0:1,1:1
1297;0.922898;5000.000000;0:1,1:1
1298;0.770685;5000.000000;0:1,1:1
1299;0.716484;5000.000000;0:1,1:1
1300;0.961345;5000.000000;0:1,1:1
1301;0.959850;5000.000000;0:1,1:1
1302;0.674906;5000.000000;0:1,1:1
1303;0.658795;5000.000000;0:1,1:1
1304;0.766842;5000.000000;0:1,1:1
1305;0.990092;5000.000000;0:1,1:1
1306;0.909971;5000.000000;0:1,1:1
1307;0.774682;5000.000000;0:1,1:1
1308;0.951857;5000.000000;0:1,1:1
1309;0.845722;5000.000000;0:1,1:1
1310;0.634746;5000.000000;0:1,1:1
1311;0.784555;5000.000000;0:1,1:1
1312;0.813825;5000.000000;0:1,1:1
1313;0.955233;5000.000000;0:1,1:1
1314;0.734448;5000.000000;0:1,1:1
1315;0.791776;5000.000000;0:1,1:1
1316;0.730654;5000.000000;0:1,1:1
1317;0.832308;5000.000000;0:1,1:1
1318;0.998136;5000.000000;0:1,1:1
1319;0.610256;5000.000000;0:1,1:1
1320;0.934741;5000.000000;0:1,1:1
1321;0.709512;5000.000000;0:1,1:1
1322;0.760491;5000.000000;0:1,1:1
1323;0.683308;5000.000000;0:1,1:1
1324;0.610422;5000.000000;0:1,1:1
1325;0.936084;5000.000000;0:1,1:1
1326;0.660986;5000.000000;0:1,1:1
1327;0.746501;5000.000000;0:1,1:1
1328;0.882282;5000.000000;0:1,1:1
1329;0.826110;5000.000000;0:1,1:1
1330;0.633272;5000.000000;0:1,1:1
1331;0.670182;5000.000000;0:1,1:1
1332;0.890239;5000.000000;0:1,1:1
1333;0.932290;5000.000000;0:1,1:1
1334;0.739954;5000.000000;0:1,1:1
1335;0.999442;5000.000000;0:1,1:1
1336;0.638932;5000.000000;0:1,1:1
1337;0.802485;5000.000000;0:1,1:1
1338;0.747674;5000.000000;0:1,1:1
1339;0.702785;5000.000000;0:1,1:1
1340;0.833302;5000.000000;0:1,1:1
1341;0.768576;5000.000000;0:1,1:1
1342;0.910616;5000.000000;0:1,1:1
1343;0.817416;5000.000000;0:1,1:1
1344;0.651635;5000.000000;0:1,1:1
1345;0.710732;5000.000000;0:1,1:1
1346;0.733514;5000.000000;0:1,1:1
1347;0.819192;5000.000000;0:1,1:1
1348;0.654005;5000.000000;0:1,1:1
1349;0.625607;5000.000000;0:1,1:1
1350;0.697782;5000.000000;0:1,1:1
1351;0.706923;5000.000000;0:1,1:1
1352;0.912696;5000.000000;0:1,1:1
1353;0.666629;5000.000000;0:1,1:1
1354;0.700730;5000.000000;0:1,1:1
1355;0.979077;5000.000000;0:1,1:1
1356;0.986010;5000.000000;0:1,1:1
1357;0.822068;5000.000000;0:1,1:1
1358;0.825768;5000.000000;0:1,1:1
1359;0.726871;5000.000000;0:1,1:1
1360;0.972720;5000.000000;0:1,1:1
1361;0.950174;5000.000000;0:1,1:1
1362;0.885981;5000.000000;0:1,1:1
1363;0.994671;5000.000000;0:1,1:1
1364;0.628031;5000.000000;0:1,1:1
1365;0.610961;5000.000000;0:1,1:1
1366;0.854292;5000.000000;0:1,1:1
1367;0.649004;5000.000000;0:1,1:1
1368;0.789736;5000.000000;0:1,1:1
1369;0.799111;5000.000000;0:1,1:1
1370;0.719500;5000.000000;0:1,1:1
1371;0.863533;5000.000000;0:1,1:1
1372;0.852131;5000.000000;0:1,1:1
1373;0.624795;5000.000000;0:1,1:1
1374;0.638056;5000.000000;0:1,1:1
1375;0.751156;5000.000000;0:1,1:1
1376;0.842381;5000.000000;0:1,1:1
1377;0.738372;5000.000000;0:1,1:1
1378;0.955066;5000.000000;0:1,1:1
1379;0.950589;5000.000000;0:1,1:1
1380;0.822094;5000.000000;0:1,1:1
1381;0.816967;5000.000000;0:1,1:1
1382;0.971591;5000.000000;0:1,1:1
1383;0.816755;5000.000000;0:1,1:1
1384;0.636058;5000.000000;0:1,1:1
1385;0.768337;5000.000000;0:1,1:1
1386;0.639705;5000.000000;0:1,1:1
1387;0.917073;5000.000000;0:1,1:1
1388;0.979413;5000.000000;0:1,1:1
1389;0.806791;5000.000000;0:1,1:1
1390;0.835889;5000.000000;0:1,1:1
1391;0.665715;5000.000000;0:1,1:1
1392;0.968047;5000.000000;0:1,1:1
1393;0.983486;5000.000000;0:1,1:1
1394;0.877535;5000.000000;0:1,1:1
1395;0.839684;5000.000000;0:1,1:1
1396;0.778339;5000.000000;0:1,1:1
1397;0.866643;5000.000000;0:1,1:1
1398;0.838711;5000.000000;0:1,1:1
1399;0.649670;5000.000000;0:1,1:1
1400;0.683569;5000.000000;0:1,1:1
1401;0.948479;5000.000000;0:1,1:1
1402;0.677520;5000.000000;0:1,1:1
1403;0.876455;5000.000000;0:1,1:1
1404;0.600167;5000.000000;0:1,1:1
1405;0.939707;5000.000000;0:1,1:1
1406;0.744782;5000.000000;0:1,1:1
1407;0.723839;5000.000000;0:1,1:1
1408;0.624570;5000.000000;0:1,1:1
1409;0.909941;5000.000000;0:1,1:1
1410;0.939538;5000.000000;0:1,1:1
1411;0.611681;5000.000000;0:1,1:1
1412;0.754043;5000.000000;0:1,1:1
1413;0.882951;5000.000000;0:1,1:1
1414;0.785108;5000.000000;0:1,1:1
1415;0.651680;5000.000000;0:1,1:1
1416;0.774067;5000.000000;0:1,1:1
1417;0.879365;5000.000000;0:1,1:1
1418;0.749863;5000.000000;0:1,1:1
1419;0.840761;5000.000000;0:1,1:1
1420;0.678752;5000.000000;0:1,1:1
1421;0.650600;5000.000000;0:1,1:1
1422;0.956175;5000.000000;0:1,1:1
1423;0.756865;5000.000000;0:1,1:1
1424;0.910066;5000.000000;0:1,1:1
1425;0.651515;5000.000000;0:1,1:1
1426;0.907531;5000.000000;0:1,1:1
1427;0.716257;5000.000000;0:1,1:1
1428;0.671042;5000.000000;0:1,1:1
1429;0.668039;5000.000000;0:1,1:1
1430;0.773112;5000.000000;0:1,1:1
1431;0.680333;5000.000000;0:1,1:1
1432;0.661769;5000.000000;0:1,1:1
1433;0.749491;5000.000000;0:1,1:1
1434;0.712269;5000.000000;0:1,1:1
1435;0.952727;5000.000000;0:1,1:1
1436;0.629854;5000.000000;0:1,1:1
1437;0.605373;5000.000000;0:1,1:1
1438;0.665820;5000.000000;0:1,1:1
1439;0.701315;5000.000000;0:1,1:1
1440;0.945146;5000.000000;0:1,1:1
1441;0.883586;5000.000000;0:1,1:1
1442;0.743348;5000.000000;0:1,1:1
1443;0.605557;5000.000000;0:1,1:1
1444;0.777612;5000.000000;0:1,1:1
1445;0.822448;5000.000000;0:1,1:1
1446;0.828022;5000.000000;0:1,1:1
1447;0.741893;5000.000000;0:1,1:1
1448;0.816408;5000.000000;0:1,1:1
1449;0.847622;5000.000000;0:1,1:1
1450;0.989703;5000.000000;0:1,1:1
1451;0.925018;5000.000000;0:1,1:1
1452;0.633912;5000.000000;0:1,1:1
1453;0.837563;5000.000000;0:1,1:1
1454;0.730440;5000.000000;0:1,1:1
1455;0.641324;5000.000000;0:1,1:1
1456;0.910728;5000.000000;0:1,1:1
1457;0.783931;5000.000000;0:1,1:1
1458;0.817184;5000.000000;0:1,1:1
1459;0.607622;5000.000000;0:1,1:1
1460;0.677305;5000.000000;0:1,1:1
1461;0.798492;5000.000000;0:1,1:1
1462;0.803029;5000.000000;0:1,1:1
1463;0.783099;5000.000000;0:1,1:1
1464;0.980802;5000.000000;0:1,1:1
1465;0.639579;5000.000000;0:1,1:1
1466;0.941849;5000.000000;0:1,1:1
1467;0.818806;5000.000000;0:1,1:1
1468;0.603277;5000.000000;0:1,1:1
1469;0.828035;5000.000000;0:1,1:1
1470;0.965755;5000.000000;0:1,1:1
1471;0.638854;5000.000000;0:1,1:1
1472;0.900530;5000.000000;0:1,1:1
1473;0.957142;5000.000000;0:1,1:1
1474;0.922045;5000.000000;0:1,1:1
1475;0.832457;5000.000000;0:1,1:1
1476;0.910262;5000.000000;0:1,1:1
1477;0.932487;5000.000000;0:1,1:1
1478;0.704586;5000.000000;0:1,1:1
1479;0.618468;5000.000000;0:1,1:1
1480;0.912768;5000.000000;0:1,1:1
1481;0.612686;5000.000000;0:1,1:1
1482;0.995499;5000.000000;0:1,1:1
1483;0.605745;5000.000000;0:1,1:1
1484;0.878349;5000.000000;0:1,1:1
1485;0.712521;5000.000000;0:1,1:1
1486;0.883315;5000.000000;0:1,1:1
1487;0.949266;5000.000000;0:1,1:1
1488;0.744923;5000.000000;0:1,1:1
1489;0.617797;5000.000000;0:1,1:1
1490;0.829207;5000.000000;0:1,1:1
1491;0.798155;5000.000000;0:1,1:1
1492;0.696436;5000.000000;0:1,1:1
1493;0.722623;5000.000000;0:1,1:1
1494;0.652978;5000.000000;0:1,1:1
1495;0.693821;5000.000000;0:1,1:1
1496;0.974948;5000.000000;0:1,1:1
1497;0.828207;5000.000000;0:1,1:1
1498;0.644341;5000.000000;0:1,1:1
1499;0.609901;5000.000000;0:1,1:1
1500;0.744766;5000.000000;0:1,1:1
1501;0.847537;5000.000000;0:1,1:1
1502;0.634559;5000.000000;0:1,1:1
1503;0.728717;5000.000000;0:1,1:1
1504;0.763777;5000.000000;0:1,1:1
1505;0.703522;5000.000000;0:1,1:1
1506;0.989262;5000.000000;0:1,1:1
1507;0.810299;5000.000000;0:1,1:1
1508;0.655095;5000.000000;0:1,1:1
1509;0.993390;5000.000000;0:1,1:1
1510;0.729258;5000.000000;0:1,1:1
1511;0.857243;5000.000000;0:1,1:1
1512;0.622235;5000.000000;0:1,1:1
1513;0.772216;5000.000000;0:1,1:1
1514;0.689600;5000.000000;0:1,1:1
1515;0.762683;5000.000000;0:1,1:1
1516;0.883705;5000.000000;0:1,1:1
1517;0.842160;5000.000000;0:1,1:1
1518;0.861827;5000.000000;0:1,1:1
1519;0.686440;5000.000000;0:1,1:1
1520;0.857547;5000.000000;0:1,1:1
1521;0.932970;5000.000000;0:1,1:1
1522;0.625544;5000.000000;0:1,1:1
1523;0.711705;5000.000000;0:1,1:1
1524;0.888902;5000.000000;0:1,1:1
1525;0.690442;5000.000000;0:1,1:1
1526;0.930182;5000.000000;0:1,1:1
1527;0.799352;5000.000000;0:1,1:1
1528;0.613417;5000.000000;0:1,1:1
1529;0.667869;5000.000000;0:1,1:1
1530;0.670403;5000.000000;0:1,1:1
1531;0.885687;5000.000000;0:1,1:1
1532;0.740963;5000.000000;0:1,1:1
1533;0.948827;5000.000000;0:1,1:1
1534;0.793600;5000.000000;0:1,1:1
1535;0.779871;5000.000000;0:1,1:1
