# SensorID: rate, sensorID: rate, ...
0:1,1:2
# Id time num_sub sensor input output compute delay
0 322.321900 32 1 1 1 3200 200
1 1064.736068 32 1 1 1 3200 200
2 1145.419732 32 1 1 1 3200 200
3 1153.013055 32 1 1 1 3200 200
4 1300.392747 32 1 1 1 3200 200
5 1459.339039 32 1 1 1 3200 200
6 1644.538651 32 0 1 1 3200 200
7 1672.531247 32 1 1 1 3200 200
8 1882.974106 32 0 1 1 3200 200
9 2006.098860 32 0 1 1 3200 200
10 2183.746528 32 1 1 1 3200 200
11 2238.897872 32 1 1 1 3200 200
12 2693.523736 32 1 1 1 3200 200
13 2701.635366 32 0 1 1 3200 200
14 3024.660120 32 1 1 1 3200 200
15 3202.879020 32 1 1 1 3200 200
16 3866.809112 32 0 1 1 3200 200
17 3928.939906 32 1 1 1 3200 200
18 3986.593615 32 1 1 1 3200 200
19 2002.371506 32 0 1 1 3200 200
20 4111.001775 32 1 1 1 3200 200
21 4357.804182 32 1 1 1 3200 200
22 4490.499241 32 1 1 1 3200 200
23 5128.888522 32 0 1 1 3200 200
24 5179.713139 32 1 1 1 3200 200
25 5272.013019 32 0 1 1 3200 200
26 5943.456203 32 1 1 1 3200 200
27 6042.014101 32 0 1 1 3200 200
28 6189.277833 32 1 1 1 3200 200
29 6780.909068 32 0 1 1 3200 200
30 6915.748027 32 0 1 1 3200 200
31 7041.836694 32 0 1 1 3200 200
32 7291.065318 32 0 1 1 3200 200
33 7338.834104 32 0 1 1 3200 200
34 7548.138744 32 0 1 1 3200 200
35 7908.312477 32 1 1 1 3200 200
36 8102.638154 32 1 1 1 3200 200
37 8192.819125 32 1 1 1 3200 200
38 8449.506248 32 0 1 1 3200 200
39 8766.688210 32 0 1 1 3200 200
40 9024.724991 32 0 1 1 3200 200
41 9093.402821 32 0 1 1 3200 200
42 9752.898200 32 0 1 1 3200 200
43 10379.463593 32 1 1 1 3200 200
44 10540.705386 32 1 1 1 3200 200
45 11300.330833 32 0 1 1 3200 200
46 11382.088742 32 0 1 1 3200 200
47 11404.296872 32 0 1 1 3200 200
48 11650.680847 32 1 1 1 3200 200
49 11663.237554 32 1 1 1 3200 200
50 12447.340254 32 1 1 1 3200 200
51 12495.833147 32 0 1 1 3200 200
52 12498.985982 32 0 1 1 3200 200
53 12845.089962 32 1 1 1 3200 200
54 13160.293569 32 1 1 1 3200 200
55 13327.344618 32 1 1 1 3200 200
56 13497.212690 32 1 1 1 3200 200
57 13651.650958 32 0 1 1 3200 200
58 13950.854601 32 1 1 1 3200 200
59 14276.776935 32 1 1 1 3200 200
60 14587.899614 32 1 1 1 3200 200
61 14813.010443 32 1 1 1 3200 200
62 14927.573687 32 1 1 1 3200 200
63 15261.961998 32 0 1 1 3200 200
64 15528.597359 32 1 1 1 3200 200
65 15761.821600 32 1 1 1 3200 200
66 15835.015355 32 1 1 1 3200 200
67 16014.363134 32 1 1 1 3200 200
68 16132.288571 32 0 1 1 3200 200
69 16166.820107 32 1 1 1 3200 200
70 16243.130178 32 1 1 1 3200 200
71 16443.980376 32 1 1 1 3200 200
72 16444.483256 32 0 1 1 3200 200
73 16742.026024 32 1 1 1 3200 200
74 17293.724140 32 0 1 1 3200 200
75 17855.623441 32 1 1 1 3200 200
76 12003.837412 32 1 1 1 3200 200
77 18051.760661 32 0 1 1 3200 200
78 18451.533012 32 1 1 1 3200 200
79 18562.270098 32 0 1 1 3200 200
80 18564.413099 32 1 1 1 3200 200
81 18948.659497 32 1 1 1 3200 200
82 19021.589638 32 1 1 1 3200 200
83 20275.296921 32 0 1 1 3200 200
84 20311.122956 32 0 1 1 3200 200
85 20537.225392 32 1 1 1 3200 200
86 20943.500848 32 0 1 1 3200 200
87 21459.017698 32 0 1 1 3200 200
88 21552.859023 32 1 1 1 3200 200
89 22028.939238 32 0 1 1 3200 200
90 22122.325720 32 1 1 1 3200 200
91 22174.395899 32 1 1 1 3200 200
92 22397.310727 32 0 1 1 3200 200
93 22480.038756 32 1 1 1 3200 200
94 23005.847743 32 0 1 1 3200 200
95 23083.481562 32 1 1 1 3200 200
96 23170.109239 32 0 1 1 3200 200
97 23201.554420 32 1 1 1 3200 200
98 23395.578065 32 1 1 1 3200 200
99 23516.928357 32 1 1 1 3200 200
