# SensorID: rate, sensorID: rate, ...
0:1,1:2
# Id time num_sub sensor input output compute delay
0 718.467448 32 1 1 1 3200 100
1 867.258773 32 1 1 1 3200 100
2 958.614050 32 1 1 1 3200 100
3 989.378749 32 0 1 1 3200 100
4 1022.002499 32 1 1 1 3200 100
5 1057.014897 32 1 1 1 3200 100
6 1147.998819 32 0 1 1 3200 100
7 1242.461646 32 0 1 1 3200 100
8 1377.971086 32 1 1 1 3200 100
9 1388.570634 32 1 1 1 3200 100
10 1505.658333 32 1 1 1 3200 100
11 1563.292541 32 1 1 1 3200 100
12 2485.540267 32 1 1 1 3200 100
13 2955.100085 32 1 1 1 3200 100
14 3127.653532 32 1 1 1 3200 100
15 3142.554845 32 0 1 1 3200 100
16 3419.358963 32 1 1 1 3200 100
17 3670.179151 32 1 1 1 3200 100
18 3807.500237 32 0 1 1 3200 100
19 3848.465821 32 1 1 1 3200 100
20 3914.409108 32 1 1 1 3200 100
21 4062.639026 32 1 1 1 3200 100
22 4090.250132 32 1 1 1 3200 100
23 4607.005416 32 0 1 1 3200 100
24 4779.470422 32 1 1 1 3200 100
25 4868.057696 32 1 1 1 3200 100
26 4967.411495 32 1 1 1 3200 100
27 5197.306537 32 1 1 1 3200 100
28 5644.753531 32 1 1 1 3200 100
29 5662.853454 32 1 1 1 3200 100
30 5690.516667 32 1 1 1 3200 100
31 5749.829671 32 1 1 1 3200 100
32 5874.346324 32 1 1 1 3200 100
33 5899.075723 32 1 1 1 3200 100
34 6181.387590 32 1 1 1 3200 100
35 6340.262888 32 1 1 1 3200 100
36 6879.853309 32 1 1 1 3200 100
37 6880.237852 32 1 1 1 3200 100
38 6952.808934 32 1 1 1 3200 100
39 7244.706467 32 1 1 1 3200 100
40 7362.815099 32 1 1 1 3200 100
41 7495.318941 32 1 1 1 3200 100
42 7584.486279 32 1 1 1 3200 100
43 7605.848382 32 1 1 1 3200 100
44 7670.472985 32 1 1 1 3200 100
45 8118.332975 32 1 1 1 3200 100
46 8781.247001 32 1 1 1 3200 100
47 8860.168983 32 1 1 1 3200 100
48 8960.541210 32 1 1 1 3200 100
49 8992.488923 32 0 1 1 3200 100
50 9275.462237 32 1 1 1 3200 100
51 9868.840854 32 0 1 1 3200 100
52 10384.119918 32 1 1 1 3200 100
53 10728.836256 32 1 1 1 3200 100
54 11151.214614 32 1 1 1 3200 100
55 11167.877720 32 0 1 1 3200 100
56 11275.213094 32 1 1 1 3200 100
57 11421.465520 32 1 1 1 3200 100
58 11506.747514 32 1 1 1 3200 100
59 11718.395375 32 1 1 1 3200 100
60 11820.993659 32 1 1 1 3200 100
61 11824.295518 32 1 1 1 3200 100
62 11901.374543 32 1 1 1 3200 100
63 11997.649510 32 1 1 1 3200 100
64 12071.957341 32 0 1 1 3200 100
65 12096.008582 32 1 1 1 3200 100
66 12198.065202 32 0 1 1 3200 100
67 12198.729538 32 1 1 1 3200 100
68 12491.393989 32 1 1 1 3200 100
69 12872.921925 32 0 1 1 3200 100
70 13090.600328 32 1 1 1 3200 100
71 13338.056449 32 1 1 1 3200 100
72 13533.348210 32 1 1 1 3200 100
73 13567.301400 32 1 1 1 3200 100
74 13638.522698 32 1 1 1 3200 100
75 13674.437627 32 1 1 1 3200 100
76 13768.230254 32 1 1 1 3200 100
77 13896.825512 32 1 1 1 3200 100
78 13980.276596 32 1 1 1 3200 100
79 14311.493997 32 1 1 1 3200 100
80 14408.692520 32 1 1 1 3200 100
81 14866.697031 32 1 1 1 3200 100
82 15212.245161 32 1 1 1 3200 100
83 15360.636647 32 1 1 1 3200 100
84 15364.787141 32 0 1 1 3200 100
85 15563.785155 32 1 1 1 3200 100
86 15731.984415 32 0 1 1 3200 100
87 15844.100278 32 1 1 1 3200 100
88 15888.690919 32 0 1 1 3200 100
89 16039.674690 32 0 1 1 3200 100
90 16047.619194 32 1 1 1 3200 100
91 16096.056699 32 1 1 1 3200 100
92 16236.478653 32 1 1 1 3200 100
93 16269.043475 32 0 1 1 3200 100
94 16411.796108 32 1 1 1 3200 100
95 16419.903046 32 1 1 1 3200 100
96 16793.528497 32 0 1 1 3200 100
97 16970.212233 32 1 1 1 3200 100
98 17388.512127 32 0 1 1 3200 100
99 17393.306968 32 0 1 1 3200 100
