# SensorID: rate, sensorID: rate, ...
0:1,1:2
# Id time num_sub sensor input output compute delay
0 322.321900 32 1 1 1 3200 800
1 1064.736068 32 1 1 1 3200 800
2 1145.419732 32 1 1 1 3200 800
3 1153.013055 32 1 1 1 3200 800
4 1300.392747 32 1 1 1 3200 800
5 1459.339039 32 1 1 1 3200 800
6 1644.538651 32 0 1 1 3200 800
7 1672.531247 32 1 1 1 3200 800
8 1882.974106 32 0 1 1 3200 800
9 2006.098860 32 0 1 1 3200 800
10 2183.746528 32 1 1 1 3200 800
11 2238.897872 32 1 1 1 3200 800
12 2693.523736 32 1 1 1 3200 800
13 2701.635366 32 0 1 1 3200 800
14 3024.660120 32 1 1 1 3200 800
15 3202.879020 32 1 1 1 3200 800
16 3866.809112 32 0 1 1 3200 800
17 3928.939906 32 1 1 1 3200 800
18 3986.593615 32 1 1 1 3200 800
19 4002.371506 32 0 1 1 3200 800
20 4111.001775 32 1 1 1 3200 800
21 4357.804182 32 1 1 1 3200 800
22 4490.499241 32 1 1 1 3200 800
23 5128.888522 32 0 1 1 3200 800
24 5179.713139 32 1 1 1 3200 800
25 5272.013019 32 0 1 1 3200 800
26 5943.456203 32 1 1 1 3200 800
27 6042.014101 32 0 1 1 3200 800
28 6189.277833 32 1 1 1 3200 800
29 6780.909068 32 0 1 1 3200 800
30 6915.748027 32 0 1 1 3200 800
31 7041.836694 32 0 1 1 3200 800
32 7291.065318 32 0 1 1 3200 800
33 7338.834104 32 0 1 1 3200 800
34 7548.138744 32 0 1 1 3200 800
35 7908.312477 32 1 1 1 3200 800
36 8102.638154 32 1 1 1 3200 800
37 8192.819125 32 1 1 1 3200 800
38 8449.506248 32 0 1 1 3200 800
39 8766.688210 32 0 1 1 3200 800
40 9024.724991 32 0 1 1 3200 800
41 9093.402821 32 0 1 1 3200 800
42 9752.898200 32 0 1 1 3200 800
43 10379.463593 32 1 1 1 3200 800
44 10540.705386 32 1 1 1 3200 800
45 11300.330833 32 0 1 1 3200 800
46 11382.088742 32 0 1 1 3200 800
47 11404.296872 32 0 1 1 3200 800
48 11650.680847 32 1 1 1 3200 800
49 11663.237554 32 1 1 1 3200 800
50 12447.340254 32 1 1 1 3200 800
51 12495.833147 32 0 1 1 3200 800
52 12498.985982 32 0 1 1 3200 800
53 12845.089962 32 1 1 1 3200 800
54 13160.293569 32 1 1 1 3200 800
55 13327.344618 32 1 1 1 3200 800
56 13497.212690 32 1 1 1 3200 800
57 13651.650958 32 0 1 1 3200 800
58 13950.854601 32 1 1 1 3200 800
59 14276.776935 32 1 1 1 3200 800
60 14587.899614 32 1 1 1 3200 800
61 14813.010443 32 1 1 1 3200 800
62 14927.573687 32 1 1 1 3200 800
63 15261.961998 32 0 1 1 3200 800
64 15528.597359 32 1 1 1 3200 800
65 15761.821600 32 1 1 1 3200 800
66 15835.015355 32 1 1 1 3200 800
67 16014.363134 32 1 1 1 3200 800
68 16132.288571 32 0 1 1 3200 800
69 16166.820107 32 1 1 1 3200 800
70 16243.130178 32 1 1 1 3200 800
71 16443.980376 32 1 1 1 3200 800
72 16444.483256 32 0 1 1 3200 800
73 16742.026024 32 1 1 1 3200 800
74 17293.724140 32 0 1 1 3200 800
75 17855.623441 32 1 1 1 3200 800
76 18003.837412 32 1 1 1 3200 800
77 18051.760661 32 0 1 1 3200 800
78 18451.533012 32 1 1 1 3200 800
79 18562.270098 32 0 1 1 3200 800
80 18564.413099 32 1 1 1 3200 800
81 18948.659497 32 1 1 1 3200 800
82 19021.589638 32 1 1 1 3200 800
83 20275.296921 32 0 1 1 3200 800
84 20311.122956 32 0 1 1 3200 800
85 20537.225392 32 1 1 1 3200 800
86 20943.500848 32 0 1 1 3200 800
87 21459.017698 32 0 1 1 3200 800
88 21552.859023 32 1 1 1 3200 800
89 22028.939238 32 0 1 1 3200 800
90 22122.325720 32 1 1 1 3200 800
91 22174.395899 32 1 1 1 3200 800
92 22397.310727 32 0 1 1 3200 800
93 22480.038756 32 1 1 1 3200 800
94 23005.847743 32 0 1 1 3200 800
95 23083.481562 32 1 1 1 3200 800
96 23170.109239 32 0 1 1 3200 800
97 23201.554420 32 1 1 1 3200 800
98 23395.578065 32 1 1 1 3200 800
99 23516.928357 32 1 1 1 3200 800
