0;0.933009;5000.000000;0:1
1;0.884090;5000.000000;0:1
2;0.653240;5000.000000;0:1
3;0.863482;5000.000000;0:1
4;0.797072;5000.000000;0:1
5;0.948400;5000.000000;0:1
6;0.906368;5000.000000;0:1
7;0.855783;5000.000000;0:1
8;0.984185;5000.000000;0:1
9;0.635873;5000.000000;0:1
10;0.892015;5000.000000;0:1
11;0.603684;5000.000000;0:1
12;0.820728;5000.000000;0:1
13;0.785107;5000.000000;0:1
14;0.663434;5000.000000;0:1
15;0.954099;5000.000000;0:1
16;0.947180;5000.000000;0:1
17;0.653754;5000.000000;0:1
18;0.920808;5000.000000;0:1
19;0.713148;5000.000000;0:1
20;0.937683;5000.000000;0:1
21;0.631752;5000.000000;0:1
22;0.651302;5000.000000;0:1
23;0.682699;5000.000000;0:1
24;0.989889;5000.000000;0:1
25;0.905826;5000.000000;0:1
26;0.972845;5000.000000;0:1
27;0.925779;5000.000000;0:1
28;0.724046;5000.000000;0:1
29;0.722920;5000.000000;0:1
30;0.651990;5000.000000;0:1
31;0.996579;5000.000000;0:1
32;0.936870;5000.000000;0:1
33;0.650671;5000.000000;0:1
34;0.619128;5000.000000;0:1
35;0.985840;5000.000000;0:1
36;0.982509;5000.000000;0:1
37;0.847903;5000.000000;0:1
38;0.853281;5000.000000;0:1
39;0.757531;5000.000000;0:1
40;0.989159;5000.000000;0:1
41;0.995194;5000.000000;0:1
42;0.645831;5000.000000;0:1
43;0.891405;5000.000000;0:1
44;0.969677;5000.000000;0:1
45;0.712269;5000.000000;0:1
46;0.938581;5000.000000;0:1
47;0.837250;5000.000000;0:1
48;0.755786;5000.000000;0:1
49;0.789463;5000.000000;0:1
50;0.845819;5000.000000;0:1
51;0.976243;5000.000000;0:1
52;0.616113;5000.000000;0:1
53;0.734874;5000.000000;0:1
54;0.978229;5000.000000;0:1
55;0.973470;5000.000000;0:1
56;0.906021;5000.000000;0:1
57;0.912508;5000.000000;0:1
58;0.794909;5000.000000;0:1
59;0.813047;5000.000000;0:1
60;0.883048;5000.000000;0:1
61;0.611502;5000.000000;0:1
62;0.869074;5000.000000;0:1
63;0.849468;5000.000000;0:1
64;0.917113;5000.000000;0:1
65;0.881348;5000.000000;0:1
66;0.829103;5000.000000;0:1
67;0.679458;5000.000000;0:1
68;0.817023;5000.000000;0:1
69;0.754218;5000.000000;0:1
70;0.618801;5000.000000;0:1
71;0.987732;5000.000000;0:1
72;0.805221;5000.000000;0:1
73;0.667365;5000.000000;0:1
74;0.671257;5000.000000;0:1
75;0.892308;5000.000000;0:1
76;0.608256;5000.000000;0:1
77;0.924865;5000.000000;0:1
78;0.844995;5000.000000;0:1
79;0.730901;5000.000000;0:1
80;0.715612;5000.000000;0:1
81;0.770360;5000.000000;0:1
82;0.699881;5000.000000;0:1
83;0.652315;5000.000000;0:1
84;0.600726;5000.000000;0:1
85;0.854394;5000.000000;0:1
86;0.808160;5000.000000;0:1
87;0.803676;5000.000000;0:1
88;0.836994;5000.000000;0:1
89;0.903140;5000.000000;0:1
90;0.674890;5000.000000;0:1
91;0.646234;5000.000000;0:1
92;0.864594;5000.000000;0:1
93;0.647418;5000.000000;0:1
94;0.612852;5000.000000;0:1
95;0.717137;5000.000000;0:1
96;0.774566;5000.000000;0:1
97;0.939753;5000.000000;0:1
98;0.665170;5000.000000;0:1
99;0.698453;5000.000000;0:1
100;0.701282;5000.000000;0:1
101;0.893764;5000.000000;0:1
102;0.752721;5000.000000;0:1
103;0.666154;5000.000000;0:1
104;0.998242;5000.000000;0:1
105;0.684512;5000.000000;0:1
106;0.671977;5000.000000;0:1
107;0.840724;5000.000000;0:1
108;0.771022;5000.000000;0:1
109;0.667382;5000.000000;0:1
110;0.610180;5000.000000;0:1
111;0.752714;5000.000000;0:1
112;0.751012;5000.000000;0:1
113;0.750376;5000.000000;0:1
114;0.754781;5000.000000;0:1
115;0.772153;5000.000000;0:1
116;0.825734;5000.000000;0:1
117;0.975147;5000.000000;0:1
118;0.621977;5000.000000;0:1
119;0.972555;5000.000000;0:1
120;0.776028;5000.000000;0:1
121;0.994233;5000.000000;0:1
122;0.830714;5000.000000;0:1
123;0.852926;5000.000000;0:1
124;0.959064;5000.000000;0:1
125;0.961325;5000.000000;0:1
126;0.734497;5000.000000;0:1
127;0.774646;5000.000000;0:1
128;0.740751;5000.000000;0:1
129;0.647342;5000.000000;0:1
130;0.862215;5000.000000;0:1
131;0.876785;5000.000000;0:1
132;0.752782;5000.000000;0:1
133;0.910684;5000.000000;0:1
134;0.922182;5000.000000;0:1
135;0.867509;5000.000000;0:1
136;0.684476;5000.000000;0:1
137;0.852940;5000.000000;0:1
138;0.604199;5000.000000;0:1
139;0.608211;5000.000000;0:1
140;0.665702;5000.000000;0:1
141;0.913787;5000.000000;0:1
142;0.994892;5000.000000;0:1
143;0.642596;5000.000000;0:1
144;0.960952;5000.000000;0:1
145;0.629477;5000.000000;0:1
146;0.691402;5000.000000;0:1
147;0.732638;5000.000000;0:1
148;0.777308;5000.000000;0:1
149;0.952434;5000.000000;0:1
150;0.972474;5000.000000;0:1
151;0.676851;5000.000000;0:1
152;0.870143;5000.000000;0:1
153;0.797394;5000.000000;0:1
154;0.929236;5000.000000;0:1
155;0.677825;5000.000000;0:1
156;0.845670;5000.000000;0:1
157;0.885375;5000.000000;0:1
158;0.810103;5000.000000;0:1
159;0.871439;5000.000000;0:1
160;0.883660;5000.000000;0:1
161;0.610028;5000.000000;0:1
162;0.757841;5000.000000;0:1
163;0.916268;5000.000000;0:1
164;0.623033;5000.000000;0:1
165;0.922765;5000.000000;0:1
166;0.809391;5000.000000;0:1
167;0.781922;5000.000000;0:1
168;0.772537;5000.000000;0:1
169;0.642790;5000.000000;0:1
170;0.913670;5000.000000;0:1
171;0.878593;5000.000000;0:1
172;0.795819;5000.000000;0:1
173;0.941518;5000.000000;0:1
174;0.870815;5000.000000;0:1
175;0.958226;5000.000000;0:1
176;0.850911;5000.000000;0:1
177;0.753058;5000.000000;0:1
178;0.915891;5000.000000;0:1
179;0.804669;5000.000000;0:1
180;0.971508;5000.000000;0:1
181;0.784545;5000.000000;0:1
182;0.666519;5000.000000;0:1
183;0.714293;5000.000000;0:1
184;0.949486;5000.000000;0:1
185;0.795821;5000.000000;0:1
186;0.790858;5000.000000;0:1
187;0.617286;5000.000000;0:1
188;0.993631;5000.000000;0:1
189;0.734163;5000.000000;0:1
190;0.619807;5000.000000;0:1
191;0.799964;5000.000000;0:1
192;0.987763;5000.000000;0:1
193;0.862322;5000.000000;0:1
194;0.757350;5000.000000;0:1
195;0.616562;5000.000000;0:1
196;0.779551;5000.000000;0:1
197;0.961151;5000.000000;0:1
198;0.921675;5000.000000;0:1
199;0.857234;5000.000000;0:1
200;0.754332;5000.000000;0:1
201;0.740278;5000.000000;0:1
202;0.938613;5000.000000;0:1
203;0.687157;5000.000000;0:1
204;0.600598;5000.000000;0:1
205;0.613411;5000.000000;0:1
206;0.858010;5000.000000;0:1
207;0.610960;5000.000000;0:1
208;0.868198;5000.000000;0:1
209;0.976188;5000.000000;0:1
210;0.671587;5000.000000;0:1
211;0.760426;5000.000000;0:1
212;0.699827;5000.000000;0:1
213;0.951042;5000.000000;0:1
214;0.606577;5000.000000;0:1
215;0.715351;5000.000000;0:1
216;0.863175;5000.000000;0:1
217;0.637221;5000.000000;0:1
218;0.612810;5000.000000;0:1
219;0.999008;5000.000000;0:1
220;0.882187;5000.000000;0:1
221;0.679591;5000.000000;0:1
222;0.670479;5000.000000;0:1
223;0.869147;5000.000000;0:1
224;0.671391;5000.000000;0:1
225;0.797883;5000.000000;0:1
226;0.852253;5000.000000;0:1
227;0.694123;5000.000000;0:1
228;0.667391;5000.000000;0:1
229;0.750515;5000.000000;0:1
230;0.871819;5000.000000;0:1
231;0.742275;5000.000000;0:1
232;0.795631;5000.000000;0:1
233;0.753173;5000.000000;0:1
234;0.704366;5000.000000;0:1
235;0.881655;5000.000000;0:1
236;0.800555;5000.000000;0:1
237;0.709428;5000.000000;0:1
238;0.817889;5000.000000;0:1
239;0.836660;5000.000000;0:1
240;0.615289;5000.000000;0:1
241;0.921424;5000.000000;0:1
242;0.837582;5000.000000;0:1
243;0.866466;5000.000000;0:1
244;0.868886;5000.000000;0:1
245;0.959141;5000.000000;0:1
246;0.847128;5000.000000;0:1
247;0.756646;5000.000000;0:1
248;0.910840;5000.000000;0:1
249;0.998220;5000.000000;0:1
250;0.972376;5000.000000;0:1
251;0.810051;5000.000000;0:1
252;0.725455;5000.000000;0:1
253;0.850137;5000.000000;0:1
254;0.740199;5000.000000;0:1
255;0.979361;5000.000000;0:1
256;0.929521;5000.000000;0:1
257;0.670333;5000.000000;0:1
258;0.748038;5000.000000;0:1
259;0.612927;5000.000000;0:1
260;0.610332;5000.000000;0:1
261;0.835623;5000.000000;0:1
262;0.708779;5000.000000;0:1
263;0.602431;5000.000000;0:1
264;0.653132;5000.000000;0:1
265;0.616905;5000.000000;0:1
266;0.773418;5000.000000;0:1
267;0.800998;5000.000000;0:1
268;0.911875;5000.000000;0:1
269;0.908125;5000.000000;0:1
270;0.967781;5000.000000;0:1
271;0.741888;5000.000000;0:1
272;0.776797;5000.000000;0:1
273;0.640887;5000.000000;0:1
274;0.763050;5000.000000;0:1
275;0.798635;5000.000000;0:1
276;0.972645;5000.000000;0:1
277;0.694327;5000.000000;0:1
278;0.747946;5000.000000;0:1
279;0.896044;5000.000000;0:1
280;0.874133;5000.000000;0:1
281;0.777467;5000.000000;0:1
282;0.967866;5000.000000;0:1
283;0.994106;5000.000000;0:1
284;0.787645;5000.000000;0:1
285;0.639630;5000.000000;0:1
286;0.612516;5000.000000;0:1
287;0.703463;5000.000000;0:1
288;0.950548;5000.000000;0:1
289;0.726425;5000.000000;0:1
290;0.973813;5000.000000;0:1
291;0.916818;5000.000000;0:1
292;0.923611;5000.000000;0:1
293;0.740092;5000.000000;0:1
294;0.636387;5000.000000;0:1
295;0.953280;5000.000000;0:1
296;0.706727;5000.000000;0:1
297;0.725549;5000.000000;0:1
298;0.629401;5000.000000;0:1
299;0.908690;5000.000000;0:1
300;0.757080;5000.000000;0:1
301;0.834781;5000.000000;0:1
302;0.829126;5000.000000;0:1
303;0.980047;5000.000000;0:1
304;0.856502;5000.000000;0:1
305;0.991000;5000.000000;0:1
306;0.612302;5000.000000;0:1
307;0.718103;5000.000000;0:1
308;0.720231;5000.000000;0:1
309;0.938954;5000.000000;0:1
310;0.667223;5000.000000;0:1
311;0.649719;5000.000000;0:1
312;0.809359;5000.000000;0:1
313;0.693259;5000.000000;0:1
314;0.650405;5000.000000;0:1
315;0.928825;5000.000000;0:1
316;0.646547;5000.000000;0:1
317;0.625806;5000.000000;0:1
318;0.792576;5000.000000;0:1
319;0.738539;5000.000000;0:1
320;0.884403;5000.000000;0:1
321;0.664185;5000.000000;0:1
322;0.778025;5000.000000;0:1
323;0.958633;5000.000000;0:1
324;0.985025;5000.000000;0:1
325;0.819786;5000.000000;0:1
326;0.884099;5000.000000;0:1
327;0.798792;5000.000000;0:1
328;0.743816;5000.000000;0:1
329;0.723130;5000.000000;0:1
330;0.714479;5000.000000;0:1
331;0.999773;5000.000000;0:1
332;0.707845;5000.000000;0:1
333;0.946674;5000.000000;0:1
334;0.702907;5000.000000;0:1
335;0.798380;5000.000000;0:1
336;0.672204;5000.000000;0:1
337;0.958667;5000.000000;0:1
338;0.921233;5000.000000;0:1
339;0.771604;5000.000000;0:1
340;0.737988;5000.000000;0:1
341;0.899752;5000.000000;0:1
342;0.604075;5000.000000;0:1
343;0.675627;5000.000000;0:1
344;0.675876;5000.000000;0:1
345;0.710989;5000.000000;0:1
346;0.885015;5000.000000;0:1
347;0.821279;5000.000000;0:1
348;0.861583;5000.000000;0:1
349;0.775864;5000.000000;0:1
350;0.739066;5000.000000;0:1
351;0.814972;5000.000000;0:1
352;0.759428;5000.000000;0:1
353;0.666045;5000.000000;0:1
354;0.797640;5000.000000;0:1
355;0.728382;5000.000000;0:1
356;0.900590;5000.000000;0:1
357;0.952423;5000.000000;0:1
358;0.601683;5000.000000;0:1
359;0.848670;5000.000000;0:1
360;0.910061;5000.000000;0:1
361;0.605988;5000.000000;0:1
362;0.826425;5000.000000;0:1
363;0.870723;5000.000000;0:1
364;0.629583;5000.000000;0:1
365;0.973452;5000.000000;0:1
366;0.915494;5000.000000;0:1
367;0.963050;5000.000000;0:1
368;0.930537;5000.000000;0:1
369;0.993017;5000.000000;0:1
370;0.939862;5000.000000;0:1
371;0.647719;5000.000000;0:1
372;0.927194;5000.000000;0:1
373;0.778847;5000.000000;0:1
374;0.618665;5000.000000;0:1
375;0.837530;5000.000000;0:1
376;0.657432;5000.000000;0:1
377;0.981846;5000.000000;0:1
378;0.859615;5000.000000;0:1
379;0.949657;5000.000000;0:1
380;0.676520;5000.000000;0:1
381;0.633809;5000.000000;0:1
382;0.664987;5000.000000;0:1
383;0.958122;5000.000000;0:1
384;0.718577;5000.000000;0:1
385;0.941047;5000.000000;0:1
386;0.744359;5000.000000;0:1
387;0.940507;5000.000000;0:1
388;0.604657;5000.000000;0:1
389;0.842660;5000.000000;0:1
390;0.864552;5000.000000;0:1
391;0.743312;5000.000000;0:1
392;0.957622;5000.000000;0:1
393;0.814859;5000.000000;0:1
394;0.939328;5000.000000;0:1
395;0.703839;5000.000000;0:1
396;0.725708;5000.000000;0:1
397;0.705927;5000.000000;0:1
398;0.831282;5000.000000;0:1
399;0.824969;5000.000000;0:1
400;0.806309;5000.000000;0:1
401;0.776389;5000.000000;0:1
402;0.768183;5000.000000;0:1
403;0.975833;5000.000000;0:1
404;0.775090;5000.000000;0:1
405;0.636874;5000.000000;0:1
406;0.807227;5000.000000;0:1
407;0.788447;5000.000000;0:1
408;0.744151;5000.000000;0:1
409;0.791650;5000.000000;0:1
410;0.823334;5000.000000;0:1
411;0.650002;5000.000000;0:1
412;0.700684;5000.000000;0:1
413;0.959231;5000.000000;0:1
414;0.859588;5000.000000;0:1
415;0.785641;5000.000000;0:1
416;0.641717;5000.000000;0:1
417;0.789925;5000.000000;0:1
418;0.678607;5000.000000;0:1
419;0.842079;5000.000000;0:1
420;0.988390;5000.000000;0:1
421;0.862495;5000.000000;0:1
422;0.812236;5000.000000;0:1
423;0.944774;5000.000000;0:1
424;0.732385;5000.000000;0:1
425;0.965963;5000.000000;0:1
426;0.774798;5000.000000;0:1
427;0.760262;5000.000000;0:1
428;0.839201;5000.000000;0:1
429;0.676779;5000.000000;0:1
430;0.882625;5000.000000;0:1
431;0.880717;5000.000000;0:1
432;0.932099;5000.000000;0:1
433;0.641924;5000.000000;0:1
434;0.798349;5000.000000;0:1
435;0.742348;5000.000000;0:1
436;0.995585;5000.000000;0:1
437;0.620211;5000.000000;0:1
438;0.947453;5000.000000;0:1
439;0.682025;5000.000000;0:1
440;0.876404;5000.000000;0:1
441;0.836779;5000.000000;0:1
442;0.933639;5000.000000;0:1
443;0.955559;5000.000000;0:1
444;0.659509;5000.000000;0:1
445;0.770637;5000.000000;0:1
446;0.851765;5000.000000;0:1
447;0.874600;5000.000000;0:1
448;0.705472;5000.000000;0:1
449;0.747605;5000.000000;0:1
450;0.727250;5000.000000;0:1
451;0.609306;5000.000000;0:1
452;0.710952;5000.000000;0:1
453;0.894390;5000.000000;0:1
454;0.960167;5000.000000;0:1
455;0.801506;5000.000000;0:1
456;0.945823;5000.000000;0:1
457;0.892987;5000.000000;0:1
458;0.916637;5000.000000;0:1
459;0.937837;5000.000000;0:1
460;0.786226;5000.000000;0:1
461;0.999718;5000.000000;0:1
462;0.779603;5000.000000;0:1
463;0.732965;5000.000000;0:1
464;0.686927;5000.000000;0:1
465;0.697224;5000.000000;0:1
466;0.661390;5000.000000;0:1
467;0.980358;5000.000000;0:1
468;0.701232;5000.000000;0:1
469;0.620781;5000.000000;0:1
470;0.786216;5000.000000;0:1
471;0.824896;5000.000000;0:1
472;0.877275;5000.000000;0:1
473;0.970095;5000.000000;0:1
474;0.662625;5000.000000;0:1
475;0.777463;5000.000000;0:1
476;0.613683;5000.000000;0:1
477;0.675052;5000.000000;0:1
478;0.664747;5000.000000;0:1
479;0.967217;5000.000000;0:1
480;0.757555;5000.000000;0:1
481;0.773165;5000.000000;0:1
482;0.874567;5000.000000;0:1
483;0.622353;5000.000000;0:1
484;0.866008;5000.000000;0:1
485;0.981127;5000.000000;0:1
486;0.880847;5000.000000;0:1
487;0.759534;5000.000000;0:1
488;0.715696;5000.000000;0:1
489;0.758694;5000.000000;0:1
490;0.601317;5000.000000;0:1
491;0.959149;5000.000000;0:1
492;0.943576;5000.000000;0:1
493;0.664813;5000.000000;0:1
494;0.657060;5000.000000;0:1
495;0.959349;5000.000000;0:1
496;0.945069;5000.000000;0:1
497;0.663670;5000.000000;0:1
498;0.630999;5000.000000;0:1
499;0.687006;5000.000000;0:1
500;0.984296;5000.000000;0:1
501;0.789589;5000.000000;0:1
502;0.808300;5000.000000;0:1
503;0.773406;5000.000000;0:1
504;0.975618;5000.000000;0:1
505;0.760609;5000.000000;0:1
506;0.604395;5000.000000;0:1
507;0.622765;5000.000000;0:1
508;0.655358;5000.000000;0:1
509;0.815449;5000.000000;0:1
510;0.779950;5000.000000;0:1
511;0.702983;5000.000000;0:1
512;0.728471;5000.000000;1:1
513;0.935145;5000.000000;1:1
514;0.792888;5000.000000;1:1
515;0.876032;5000.000000;1:1
516;0.941249;5000.000000;1:1
517;0.756066;5000.000000;1:1
518;0.807419;5000.000000;1:1
519;0.941561;5000.000000;1:1
520;0.607734;5000.000000;1:1
521;0.854652;5000.000000;1:1
522;0.765741;5000.000000;1:1
523;0.691389;5000.000000;1:1
524;0.651992;5000.000000;1:1
525;0.767759;5000.000000;1:1
526;0.713851;5000.000000;1:1
527;0.779036;5000.000000;1:1
528;0.852958;5000.000000;1:1
529;0.710013;5000.000000;1:1
530;0.702782;5000.000000;1:1
531;0.757180;5000.000000;1:1
532;0.663907;5000.000000;1:1
533;0.894823;5000.000000;1:1
534;0.683896;5000.000000;1:1
535;0.721181;5000.000000;1:1
536;0.638683;5000.000000;1:1
537;0.619845;5000.000000;1:1
538;0.939937;5000.000000;1:1
539;0.796194;5000.000000;1:1
540;0.671770;5000.000000;1:1
541;0.646961;5000.000000;1:1
542;0.762479;5000.000000;1:1
543;0.642063;5000.000000;1:1
544;0.781889;5000.000000;1:1
545;0.615013;5000.000000;1:1
546;0.771715;5000.000000;1:1
547;0.807125;5000.000000;1:1
548;0.751393;5000.000000;1:1
549;0.606813;5000.000000;1:1
550;0.660043;5000.000000;1:1
551;0.607722;5000.000000;1:1
552;0.913523;5000.000000;1:1
553;0.913346;5000.000000;1:1
554;0.693020;5000.000000;1:1
555;0.984654;5000.000000;1:1
556;0.995503;5000.000000;1:1
557;0.739673;5000.000000;1:1
558;0.744673;5000.000000;1:1
559;0.769349;5000.000000;1:1
560;0.775091;5000.000000;1:1
561;0.910578;5000.000000;1:1
562;0.906985;5000.000000;1:1
563;0.951267;5000.000000;1:1
564;0.746689;5000.000000;1:1
565;0.942024;5000.000000;1:1
566;0.729736;5000.000000;1:1
567;0.872558;5000.000000;1:1
568;0.747130;5000.000000;1:1
569;0.827959;5000.000000;1:1
570;0.614141;5000.000000;1:1
571;0.604542;5000.000000;1:1
572;0.878923;5000.000000;1:1
573;0.803254;5000.000000;1:1
574;0.740619;5000.000000;1:1
575;0.846651;5000.000000;1:1
576;0.849444;5000.000000;1:1
577;0.743451;5000.000000;1:1
578;0.982755;5000.000000;1:1
579;0.698069;5000.000000;1:1
580;0.834185;5000.000000;1:1
581;0.731868;5000.000000;1:1
582;0.603658;5000.000000;1:1
583;0.905376;5000.000000;1:1
584;0.655576;5000.000000;1:1
585;0.989983;5000.000000;1:1
586;0.612181;5000.000000;1:1
587;0.631216;5000.000000;1:1
588;0.707756;5000.000000;1:1
589;0.636090;5000.000000;1:1
590;0.702950;5000.000000;1:1
591;0.643833;5000.000000;1:1
592;0.848570;5000.000000;1:1
593;0.858670;5000.000000;1:1
594;0.859227;5000.000000;1:1
595;0.989825;5000.000000;1:1
596;0.979098;5000.000000;1:1
597;0.863514;5000.000000;1:1
598;0.712274;5000.000000;1:1
599;0.704596;5000.000000;1:1
600;0.869094;5000.000000;1:1
601;0.726703;5000.000000;1:1
602;0.753145;5000.000000;1:1
603;0.767016;5000.000000;1:1
604;0.706261;5000.000000;1:1
605;0.709008;5000.000000;1:1
606;0.991103;5000.000000;1:1
607;0.946350;5000.000000;1:1
608;0.810093;5000.000000;1:1
609;0.717000;5000.000000;1:1
610;0.908864;5000.000000;1:1
611;0.923900;5000.000000;1:1
612;0.871627;5000.000000;1:1
613;0.918049;5000.000000;1:1
614;0.788774;5000.000000;1:1
615;0.710804;5000.000000;1:1
616;0.694513;5000.000000;1:1
617;0.812086;5000.000000;1:1
618;0.970991;5000.000000;1:1
619;0.622113;5000.000000;1:1
620;0.849731;5000.000000;1:1
621;0.602577;5000.000000;1:1
622;0.811009;5000.000000;1:1
623;0.873698;5000.000000;1:1
624;0.980780;5000.000000;1:1
625;0.644616;5000.000000;1:1
626;0.605257;5000.000000;1:1
627;0.769236;5000.000000;1:1
628;0.980276;5000.000000;1:1
629;0.864500;5000.000000;1:1
630;0.937710;5000.000000;1:1
631;0.988909;5000.000000;1:1
632;0.666029;5000.000000;1:1
633;0.844732;5000.000000;1:1
634;0.857889;5000.000000;1:1
635;0.759087;5000.000000;1:1
636;0.707322;5000.000000;1:1
637;0.646246;5000.000000;1:1
638;0.895723;5000.000000;1:1
639;0.971566;5000.000000;1:1
640;0.854424;5000.000000;1:1
641;0.766190;5000.000000;1:1
642;0.814365;5000.000000;1:1
643;0.763394;5000.000000;1:1
644;0.743790;5000.000000;1:1
645;0.998479;5000.000000;1:1
646;0.796473;5000.000000;1:1
647;0.614134;5000.000000;1:1
648;0.985264;5000.000000;1:1
649;0.784609;5000.000000;1:1
650;0.719407;5000.000000;1:1
651;0.986085;5000.000000;1:1
652;0.887154;5000.000000;1:1
653;0.984902;5000.000000;1:1
654;0.613839;5000.000000;1:1
655;0.701817;5000.000000;1:1
656;0.988518;5000.000000;1:1
657;0.662638;5000.000000;1:1
658;0.969976;5000.000000;1:1
659;0.861869;5000.000000;1:1
660;0.687818;5000.000000;1:1
661;0.655065;5000.000000;1:1
662;0.704445;5000.000000;1:1
663;0.711609;5000.000000;1:1
664;0.931104;5000.000000;1:1
665;0.694461;5000.000000;1:1
666;0.601807;5000.000000;1:1
667;0.813530;5000.000000;1:1
668;0.705325;5000.000000;1:1
669;0.951807;5000.000000;1:1
670;0.615194;5000.000000;1:1
671;0.715214;5000.000000;1:1
672;0.602498;5000.000000;1:1
673;0.746065;5000.000000;1:1
674;0.703698;5000.000000;1:1
675;0.809225;5000.000000;1:1
676;0.905496;5000.000000;1:1
677;0.895254;5000.000000;1:1
678;0.773795;5000.000000;1:1
679;0.950274;5000.000000;1:1
680;0.813341;5000.000000;1:1
681;0.796101;5000.000000;1:1
682;0.911313;5000.000000;1:1
683;0.889091;5000.000000;1:1
684;0.623124;5000.000000;1:1
685;0.646444;5000.000000;1:1
686;0.742756;5000.000000;1:1
687;0.890426;5000.000000;1:1
688;0.613750;5000.000000;1:1
689;0.829635;5000.000000;1:1
690;0.959641;5000.000000;1:1
691;0.846806;5000.000000;1:1
692;0.690326;5000.000000;1:1
693;0.619055;5000.000000;1:1
694;0.714685;5000.000000;1:1
695;0.986967;5000.000000;1:1
696;0.835624;5000.000000;1:1
697;0.679618;5000.000000;1:1
698;0.913429;5000.000000;1:1
699;0.772558;5000.000000;1:1
700;0.998556;5000.000000;1:1
701;0.668510;5000.000000;1:1
702;0.743176;5000.000000;1:1
703;0.715717;5000.000000;1:1
704;0.893611;5000.000000;1:1
705;0.807330;5000.000000;1:1
706;0.955313;5000.000000;1:1
707;0.994960;5000.000000;1:1
708;0.737403;5000.000000;1:1
709;0.608862;5000.000000;1:1
710;0.682151;5000.000000;1:1
711;0.851610;5000.000000;1:1
712;0.831298;5000.000000;1:1
713;0.733015;5000.000000;1:1
714;0.894551;5000.000000;1:1
715;0.687620;5000.000000;1:1
716;0.794557;5000.000000;1:1
717;0.830815;5000.000000;1:1
718;0.938876;5000.000000;1:1
719;0.667312;5000.000000;1:1
720;0.716185;5000.000000;1:1
721;0.603626;5000.000000;1:1
722;0.711979;5000.000000;1:1
723;0.667885;5000.000000;1:1
724;0.822741;5000.000000;1:1
725;0.725643;5000.000000;1:1
726;0.651870;5000.000000;1:1
727;0.820102;5000.000000;1:1
728;0.880607;5000.000000;1:1
729;0.690508;5000.000000;1:1
730;0.775854;5000.000000;1:1
731;0.999684;5000.000000;1:1
732;0.623482;5000.000000;1:1
733;0.796909;5000.000000;1:1
734;0.884720;5000.000000;1:1
735;0.954201;5000.000000;1:1
736;0.790991;5000.000000;1:1
737;0.913684;5000.000000;1:1
738;0.791025;5000.000000;1:1
739;0.876720;5000.000000;1:1
740;0.606842;5000.000000;1:1
741;0.714052;5000.000000;1:1
742;0.745002;5000.000000;1:1
743;0.871396;5000.000000;1:1
744;0.977098;5000.000000;1:1
745;0.904438;5000.000000;1:1
746;0.944751;5000.000000;1:1
747;0.962993;5000.000000;1:1
748;0.793296;5000.000000;1:1
749;0.603580;5000.000000;1:1
750;0.843434;5000.000000;1:1
751;0.752810;5000.000000;1:1
752;0.923367;5000.000000;1:1
753;0.620148;5000.000000;1:1
754;0.854523;5000.000000;1:1
755;0.734683;5000.000000;1:1
756;0.919531;5000.000000;1:1
757;0.696460;5000.000000;1:1
758;0.661545;5000.000000;1:1
759;0.629160;5000.000000;1:1
760;0.637354;5000.000000;1:1
761;0.701553;5000.000000;1:1
762;0.699415;5000.000000;1:1
763;0.802802;5000.000000;1:1
764;0.713016;5000.000000;1:1
765;0.846825;5000.000000;1:1
766;0.637993;5000.000000;1:1
767;0.666973;5000.000000;1:1
768;0.680771;5000.000000;1:1
769;0.721408;5000.000000;1:1
770;0.903266;5000.000000;1:1
771;0.977688;5000.000000;1:1
772;0.888510;5000.000000;1:1
773;0.911589;5000.000000;1:1
774;0.773682;5000.000000;1:1
775;0.666218;5000.000000;1:1
776;0.947195;5000.000000;1:1
777;0.700829;5000.000000;1:1
778;0.844305;5000.000000;1:1
779;0.616448;5000.000000;1:1
780;0.622188;5000.000000;1:1
781;0.708323;5000.000000;1:1
782;0.684705;5000.000000;1:1
783;0.950927;5000.000000;1:1
784;0.879672;5000.000000;1:1
785;0.784316;5000.000000;1:1
786;0.704221;5000.000000;1:1
787;0.905758;5000.000000;1:1
788;0.681651;5000.000000;1:1
789;0.953499;5000.000000;1:1
790;0.712495;5000.000000;1:1
791;0.816015;5000.000000;1:1
792;0.990860;5000.000000;1:1
793;0.842177;5000.000000;1:1
794;0.816724;5000.000000;1:1
795;0.730167;5000.000000;1:1
796;0.758301;5000.000000;1:1
797;0.744710;5000.000000;1:1
798;0.639734;5000.000000;1:1
799;0.622909;5000.000000;1:1
800;0.827827;5000.000000;1:1
801;0.809392;5000.000000;1:1
802;0.632694;5000.000000;1:1
803;0.687690;5000.000000;1:1
804;0.839220;5000.000000;1:1
805;0.875014;5000.000000;1:1
806;0.914276;5000.000000;1:1
807;0.620860;5000.000000;1:1
808;0.915684;5000.000000;1:1
809;0.867555;5000.000000;1:1
810;0.628312;5000.000000;1:1
811;0.892890;5000.000000;1:1
812;0.964165;5000.000000;1:1
813;0.657099;5000.000000;1:1
814;0.984260;5000.000000;1:1
815;0.935963;5000.000000;1:1
816;0.903342;5000.000000;1:1
817;0.741619;5000.000000;1:1
818;0.896711;5000.000000;1:1
819;0.662726;5000.000000;1:1
820;0.604640;5000.000000;1:1
821;0.633038;5000.000000;1:1
822;0.694419;5000.000000;1:1
823;0.931088;5000.000000;1:1
824;0.716096;5000.000000;1:1
825;0.868007;5000.000000;1:1
826;0.844503;5000.000000;1:1
827;0.784027;5000.000000;1:1
828;0.738173;5000.000000;1:1
829;0.976913;5000.000000;1:1
830;0.710915;5000.000000;1:1
831;0.951288;5000.000000;1:1
832;0.880372;5000.000000;1:1
833;0.791787;5000.000000;1:1
834;0.896988;5000.000000;1:1
835;0.942131;5000.000000;1:1
836;0.951956;5000.000000;1:1
837;0.727974;5000.000000;1:1
838;0.677522;5000.000000;1:1
839;0.627867;5000.000000;1:1
840;0.899889;5000.000000;1:1
841;0.985235;5000.000000;1:1
842;0.744972;5000.000000;1:1
843;0.940891;5000.000000;1:1
844;0.898828;5000.000000;1:1
845;0.948391;5000.000000;1:1
846;0.881897;5000.000000;1:1
847;0.684560;5000.000000;1:1
848;0.758517;5000.000000;1:1
849;0.687457;5000.000000;1:1
850;0.952540;5000.000000;1:1
851;0.811380;5000.000000;1:1
852;0.836022;5000.000000;1:1
853;0.639584;5000.000000;1:1
854;0.771947;5000.000000;1:1
855;0.880444;5000.000000;1:1
856;0.843279;5000.000000;1:1
857;0.812033;5000.000000;1:1
858;0.698354;5000.000000;1:1
859;0.696164;5000.000000;1:1
860;0.741265;5000.000000;1:1
861;0.608656;5000.000000;1:1
862;0.888571;5000.000000;1:1
863;0.743737;5000.000000;1:1
864;0.971415;5000.000000;1:1
865;0.913367;5000.000000;1:1
866;0.678209;5000.000000;1:1
867;0.829969;5000.000000;1:1
868;0.694549;5000.000000;1:1
869;0.652983;5000.000000;1:1
870;0.960090;5000.000000;1:1
871;0.912252;5000.000000;1:1
872;0.705152;5000.000000;1:1
873;0.837434;5000.000000;1:1
874;0.924095;5000.000000;1:1
875;0.741453;5000.000000;1:1
876;0.732363;5000.000000;1:1
877;0.973081;5000.000000;1:1
878;0.970438;5000.000000;1:1
879;0.948367;5000.000000;1:1
880;0.613220;5000.000000;1:1
881;0.797404;5000.000000;1:1
882;0.939062;5000.000000;1:1
883;0.966644;5000.000000;1:1
884;0.991707;5000.000000;1:1
885;0.728847;5000.000000;1:1
886;0.624890;5000.000000;1:1
887;0.623722;5000.000000;1:1
888;0.603124;5000.000000;1:1
889;0.630711;5000.000000;1:1
890;0.689589;5000.000000;1:1
891;0.875683;5000.000000;1:1
892;0.985627;5000.000000;1:1
893;0.787758;5000.000000;1:1
894;0.864869;5000.000000;1:1
895;0.977695;5000.000000;1:1
896;0.737852;5000.000000;1:1
897;0.834324;5000.000000;1:1
898;0.748863;5000.000000;1:1
899;0.999014;5000.000000;1:1
900;0.834935;5000.000000;1:1
901;0.874617;5000.000000;1:1
902;0.729881;5000.000000;1:1
903;0.626859;5000.000000;1:1
904;0.627081;5000.000000;1:1
905;0.710921;5000.000000;1:1
906;0.843803;5000.000000;1:1
907;0.985777;5000.000000;1:1
908;0.939154;5000.000000;1:1
909;0.649477;5000.000000;1:1
910;0.896942;5000.000000;1:1
911;0.744874;5000.000000;1:1
912;0.743310;5000.000000;1:1
913;0.981414;5000.000000;1:1
914;0.702350;5000.000000;1:1
915;0.892987;5000.000000;1:1
916;0.839130;5000.000000;1:1
917;0.842889;5000.000000;1:1
918;0.969149;5000.000000;1:1
919;0.855408;5000.000000;1:1
920;0.863660;5000.000000;1:1
921;0.769422;5000.000000;1:1
922;0.685596;5000.000000;1:1
923;0.757946;5000.000000;1:1
924;0.673727;5000.000000;1:1
925;0.987641;5000.000000;1:1
926;0.611928;5000.000000;1:1
927;0.973700;5000.000000;1:1
928;0.678649;5000.000000;1:1
929;0.900512;5000.000000;1:1
930;0.895178;5000.000000;1:1
931;0.954046;5000.000000;1:1
932;0.816816;5000.000000;1:1
933;0.618433;5000.000000;1:1
934;0.739101;5000.000000;1:1
935;0.953708;5000.000000;1:1
936;0.885691;5000.000000;1:1
937;0.852205;5000.000000;1:1
938;0.652994;5000.000000;1:1
939;0.858793;5000.000000;1:1
940;0.755755;5000.000000;1:1
941;0.878189;5000.000000;1:1
942;0.726219;5000.000000;1:1
943;0.849972;5000.000000;1:1
944;0.706071;5000.000000;1:1
945;0.767177;5000.000000;1:1
946;0.694564;5000.000000;1:1
947;0.949502;5000.000000;1:1
948;0.857169;5000.000000;1:1
949;0.664654;5000.000000;1:1
950;0.883109;5000.000000;1:1
951;0.997726;5000.000000;1:1
952;0.664383;5000.000000;1:1
953;0.719600;5000.000000;1:1
954;0.822854;5000.000000;1:1
955;0.872146;5000.000000;1:1
956;0.705623;5000.000000;1:1
957;0.929387;5000.000000;1:1
958;0.845656;5000.000000;1:1
959;0.916204;5000.000000;1:1
960;0.909254;5000.000000;1:1
961;0.611050;5000.000000;1:1
962;0.641545;5000.000000;1:1
963;0.825674;5000.000000;1:1
964;0.828583;5000.000000;1:1
965;0.720927;5000.000000;1:1
966;0.913452;5000.000000;1:1
967;0.713287;5000.000000;1:1
968;0.775413;5000.000000;1:1
969;0.836770;5000.000000;1:1
970;0.668741;5000.000000;1:1
971;0.726990;5000.000000;1:1
972;0.709080;5000.000000;1:1
973;0.686504;5000.000000;1:1
974;0.665936;5000.000000;1:1
975;0.666679;5000.000000;1:1
976;0.771501;5000.000000;1:1
977;0.821844;5000.000000;1:1
978;0.848785;5000.000000;1:1
979;0.641316;5000.000000;1:1
980;0.658797;5000.000000;1:1
981;0.847566;5000.000000;1:1
982;0.740681;5000.000000;1:1
983;0.813003;5000.000000;1:1
984;0.880682;5000.000000;1:1
985;0.911977;5000.000000;1:1
986;0.644407;5000.000000;1:1
987;0.974333;5000.000000;1:1
988;0.862383;5000.000000;1:1
989;0.643780;5000.000000;1:1
990;0.832770;5000.000000;1:1
991;0.613433;5000.000000;1:1
992;0.632180;5000.000000;1:1
993;0.954494;5000.000000;1:1
994;0.998408;5000.000000;1:1
995;0.930969;5000.000000;1:1
996;0.720331;5000.000000;1:1
997;0.687422;5000.000000;1:1
998;0.991229;5000.000000;1:1
999;0.954711;5000.000000;1:1
1000;0.744393;5000.000000;1:1
1001;0.660433;5000.000000;1:1
1002;0.857006;5000.000000;1:1
1003;0.635546;5000.000000;1:1
1004;0.779961;5000.000000;1:1
1005;0.912707;5000.000000;1:1
1006;0.779717;5000.000000;1:1
1007;0.967772;5000.000000;1:1
1008;0.706998;5000.000000;1:1
1009;0.780386;5000.000000;1:1
1010;0.797325;5000.000000;1:1
1011;0.988757;5000.000000;1:1
1012;0.694983;5000.000000;1:1
1013;0.786792;5000.000000;1:1
1014;0.783820;5000.000000;1:1
1015;0.688737;5000.000000;1:1
1016;0.786448;5000.000000;1:1
1017;0.911629;5000.000000;1:1
1018;0.847594;5000.000000;1:1
1019;0.978684;5000.000000;1:1
1020;0.672563;5000.000000;1:1
1021;0.748954;5000.000000;1:1
1022;0.819329;5000.000000;1:1
1023;0.978186;5000.000000;1:1
1024;0.629654;5000.000000;0:1,1:1
1025;0.887663;5000.000000;0:1,1:1
1026;0.617337;5000.000000;0:1,1:1
1027;0.907534;5000.000000;0:1,1:1
1028;0.845842;5000.000000;0:1,1:1
1029;0.914198;5000.000000;0:1,1:1
1030;0.962417;5000.000000;0:1,1:1
1031;0.733434;5000.000000;0:1,1:1
1032;0.980454;5000.000000;0:1,1:1
1033;0.732929;5000.000000;0:1,1:1
1034;0.691691;5000.000000;0:1,1:1
1035;0.714098;5000.000000;0:1,1:1
1036;0.635065;5000.000000;0:1,1:1
1037;0.912004;5000.000000;0:1,1:1
1038;0.800774;5000.000000;0:1,1:1
1039;0.688388;5000.000000;0:1,1:1
1040;0.636265;5000.000000;0:1,1:1
1041;0.640254;5000.000000;0:1,1:1
1042;0.622070;5000.000000;0:1,1:1
1043;0.798334;5000.000000;0:1,1:1
1044;0.965806;5000.000000;0:1,1:1
1045;0.855770;5000.000000;0:1,1:1
1046;0.678856;5000.000000;0:1,1:1
1047;0.660469;5000.000000;0:1,1:1
1048;0.698138;5000.000000;0:1,1:1
1049;0.700803;5000.000000;0:1,1:1
1050;0.653485;5000.000000;0:1,1:1
1051;0.822326;5000.000000;0:1,1:1
1052;0.736002;5000.000000;0:1,1:1
1053;0.856948;5000.000000;0:1,1:1
1054;0.944349;5000.000000;0:1,1:1
1055;0.782159;5000.000000;0:1,1:1
1056;0.942060;5000.000000;0:1,1:1
1057;0.933789;5000.000000;0:1,1:1
1058;0.754284;5000.000000;0:1,1:1
1059;0.987154;5000.000000;0:1,1:1
1060;0.850590;5000.000000;0:1,1:1
1061;0.966755;5000.000000;0:1,1:1
1062;0.868193;5000.000000;0:1,1:1
1063;0.730197;5000.000000;0:1,1:1
1064;0.636741;5000.000000;0:1,1:1
1065;0.852453;5000.000000;0:1,1:1
1066;0.637001;5000.000000;0:1,1:1
1067;0.809062;5000.000000;0:1,1:1
1068;0.831758;5000.000000;0:1,1:1
1069;0.679900;5000.000000;0:1,1:1
1070;0.969871;5000.000000;0:1,1:1
1071;0.730103;5000.000000;0:1,1:1
1072;0.800869;5000.000000;0:1,1:1
1073;0.680680;5000.000000;0:1,1:1
1074;0.965322;5000.000000;0:1,1:1
1075;0.829476;5000.000000;0:1,1:1
1076;0.913843;5000.000000;0:1,1:1
1077;0.892645;5000.000000;0:1,1:1
1078;0.657423;5000.000000;0:1,1:1
1079;0.621822;5000.000000;0:1,1:1
1080;0.826163;5000.000000;0:1,1:1
1081;0.775122;5000.000000;0:1,1:1
1082;0.928880;5000.000000;0:1,1:1
1083;0.786443;5000.000000;0:1,1:1
1084;0.744097;5000.000000;0:1,1:1
1085;0.995404;5000.000000;0:1,1:1
1086;0.833504;5000.000000;0:1,1:1
1087;0.933876;5000.000000;0:1,1:1
1088;0.870509;5000.000000;0:1,1:1
1089;0.862120;5000.000000;0:1,1:1
1090;0.886096;5000.000000;0:1,1:1
1091;0.755896;5000.000000;0:1,1:1
1092;0.655383;5000.000000;0:1,1:1
1093;0.887105;5000.000000;0:1,1:1
1094;0.873738;5000.000000;0:1,1:1
1095;0.972242;5000.000000;0:1,1:1
1096;0.996520;5000.000000;0:1,1:1
1097;0.924583;5000.000000;0:1,1:1
1098;0.694716;5000.000000;0:1,1:1
1099;0.722368;5000.000000;0:1,1:1
1100;0.663399;5000.000000;0:1,1:1
1101;0.734207;5000.000000;0:1,1:1
1102;0.899709;5000.000000;0:1,1:1
1103;0.754374;5000.000000;0:1,1:1
1104;0.768479;5000.000000;0:1,1:1
1105;0.839327;5000.000000;0:1,1:1
1106;0.920470;5000.000000;0:1,1:1
1107;0.817472;5000.000000;0:1,1:1
1108;0.782135;5000.000000;0:1,1:1
1109;0.991262;5000.000000;0:1,1:1
1110;0.762626;5000.000000;0:1,1:1
1111;0.784459;5000.000000;0:1,1:1
1112;0.715971;5000.000000;0:1,1:1
1113;0.874824;5000.000000;0:1,1:1
1114;0.714998;5000.000000;0:1,1:1
1115;0.978485;5000.000000;0:1,1:1
1116;0.678236;5000.000000;0:1,1:1
1117;0.988523;5000.000000;0:1,1:1
1118;0.982167;5000.000000;0:1,1:1
1119;0.747771;5000.000000;0:1,1:1
1120;0.903002;5000.000000;0:1,1:1
1121;0.878810;5000.000000;0:1,1:1
1122;0.774547;5000.000000;0:1,1:1
1123;0.720167;5000.000000;0:1,1:1
1124;0.897386;5000.000000;0:1,1:1
1125;0.895356;5000.000000;0:1,1:1
1126;0.706184;5000.000000;0:1,1:1
1127;0.745260;5000.000000;0:1,1:1
1128;0.738454;5000.000000;0:1,1:1
1129;0.822903;5000.000000;0:1,1:1
1130;0.634911;5000.000000;0:1,1:1
1131;0.757481;5000.000000;0:1,1:1
1132;0.787096;5000.000000;0:1,1:1
1133;0.964048;5000.000000;0:1,1:1
1134;0.840337;5000.000000;0:1,1:1
1135;0.760141;5000.000000;0:1,1:1
1136;0.907193;5000.000000;0:1,1:1
1137;0.965949;5000.000000;0:1,1:1
1138;0.967801;5000.000000;0:1,1:1
1139;0.956151;5000.000000;0:1,1:1
1140;0.959586;5000.000000;0:1,1:1
1141;0.751430;5000.000000;0:1,1:1
1142;0.937412;5000.000000;0:1,1:1
1143;0.622354;5000.000000;0:1,1:1
1144;0.886125;5000.000000;0:1,1:1
1145;0.845852;5000.000000;0:1,1:1
1146;0.712153;5000.000000;0:1,1:1
1147;0.631201;5000.000000;0:1,1:1
1148;0.737885;5000.000000;0:1,1:1
1149;0.673368;5000.000000;0:1,1:1
1150;0.894506;5000.000000;0:1,1:1
1151;0.623928;5000.000000;0:1,1:1
1152;0.667883;5000.000000;0:1,1:1
1153;0.845897;5000.000000;0:1,1:1
1154;0.920067;5000.000000;0:1,1:1
1155;0.645853;5000.000000;0:1,1:1
1156;0.798756;5000.000000;0:1,1:1
1157;0.914639;5000.000000;0:1,1:1
1158;0.976499;5000.000000;0:1,1:1
1159;0.983697;5000.000000;0:1,1:1
1160;0.993647;5000.000000;0:1,1:1
1161;0.876741;5000.000000;0:1,1:1
1162;0.863783;5000.000000;0:1,1:1
1163;0.710582;5000.000000;0:1,1:1
1164;0.796843;5000.000000;0:1,1:1
1165;0.619175;5000.000000;0:1,1:1
1166;0.991702;5000.000000;0:1,1:1
1167;0.680379;5000.000000;0:1,1:1
1168;0.706063;5000.000000;0:1,1:1
1169;0.887764;5000.000000;0:1,1:1
1170;0.607462;5000.000000;0:1,1:1
1171;0.903261;5000.000000;0:1,1:1
1172;0.779165;5000.000000;0:1,1:1
1173;0.965610;5000.000000;0:1,1:1
1174;0.668422;5000.000000;0:1,1:1
1175;0.817271;5000.000000;0:1,1:1
1176;0.859365;5000.000000;0:1,1:1
1177;0.942961;5000.000000;0:1,1:1
1178;0.726974;5000.000000;0:1,1:1
1179;0.660150;5000.000000;0:1,1:1
1180;0.636845;5000.000000;0:1,1:1
1181;0.694817;5000.000000;0:1,1:1
1182;0.903936;5000.000000;0:1,1:1
1183;0.836945;5000.000000;0:1,1:1
1184;0.721466;5000.000000;0:1,1:1
1185;0.626375;5000.000000;0:1,1:1
1186;0.704791;5000.000000;0:1,1:1
1187;0.602378;5000.000000;0:1,1:1
1188;0.812477;5000.000000;0:1,1:1
1189;0.723990;5000.000000;0:1,1:1
1190;0.865071;5000.000000;0:1,1:1
1191;0.958049;5000.000000;0:1,1:1
1192;0.772682;5000.000000;0:1,1:1
1193;0.900422;5000.000000;0:1,1:1
1194;0.904465;5000.000000;0:1,1:1
1195;0.711832;5000.000000;0:1,1:1
1196;0.914399;5000.000000;0:1,1:1
1197;0.946641;5000.000000;0:1,1:1
1198;0.603804;5000.000000;0:1,1:1
1199;0.789444;5000.000000;0:1,1:1
1200;0.804811;5000.000000;0:1,1:1
1201;0.832749;5000.000000;0:1,1:1
1202;0.668299;5000.000000;0:1,1:1
1203;0.630417;5000.000000;0:1,1:1
1204;0.822789;5000.000000;0:1,1:1
1205;0.658078;5000.000000;0:1,1:1
1206;0.872959;5000.000000;0:1,1:1
1207;0.842474;5000.000000;0:1,1:1
1208;0.648654;5000.000000;0:1,1:1
1209;0.831179;5000.000000;0:1,1:1
1210;0.645450;5000.000000;0:1,1:1
1211;0.777360;5000.000000;0:1,1:1
1212;0.966129;5000.000000;0:1,1:1
1213;0.740823;5000.000000;0:1,1:1
1214;0.888789;5000.000000;0:1,1:1
1215;0.770823;5000.000000;0:1,1:1
1216;0.759963;5000.000000;0:1,1:1
1217;0.813593;5000.000000;0:1,1:1
1218;0.605017;5000.000000;0:1,1:1
1219;0.878372;5000.000000;0:1,1:1
1220;0.604685;5000.000000;0:1,1:1
1221;0.666348;5000.000000;0:1,1:1
1222;0.947125;5000.000000;0:1,1:1
1223;0.765015;5000.000000;0:1,1:1
1224;0.822130;5000.000000;0:1,1:1
1225;0.744846;5000.000000;0:1,1:1
1226;0.741849;5000.000000;0:1,1:1
1227;0.969404;5000.000000;0:1,1:1
1228;0.823772;5000.000000;0:1,1:1
1229;0.771208;5000.000000;0:1,1:1
1230;0.766681;5000.000000;0:1,1:1
1231;0.928382;5000.000000;0:1,1:1
1232;0.680464;5000.000000;0:1,1:1
1233;0.613844;5000.000000;0:1,1:1
1234;0.673960;5000.000000;0:1,1:1
1235;0.954390;5000.000000;0:1,1:1
1236;0.790313;5000.000000;0:1,1:1
1237;0.950059;5000.000000;0:1,1:1
1238;0.899834;5000.000000;0:1,1:1
1239;0.854351;5000.000000;0:1,1:1
1240;0.632078;5000.000000;0:1,1:1
1241;0.830621;5000.000000;0:1,1:1
1242;0.917408;5000.000000;0:1,1:1
1243;0.666471;5000.000000;0:1,1:1
1244;0.669621;5000.000000;0:1,1:1
1245;0.959811;5000.000000;0:1,1:1
1246;0.955561;5000.000000;0:1,1:1
1247;0.840664;5000.000000;0:1,1:1
1248;0.732463;5000.000000;0:1,1:1
1249;0.640594;5000.000000;0:1,1:1
1250;0.690481;5000.000000;0:1,1:1
1251;0.672624;5000.000000;0:1,1:1
1252;0.671149;5000.000000;0:1,1:1
1253;0.624708;5000.000000;0:1,1:1
1254;0.662117;5000.000000;0:1,1:1
1255;0.859754;5000.000000;0:1,1:1
1256;0.744651;5000.000000;0:1,1:1
1257;0.702622;5000.000000;0:1,1:1
1258;0.782998;5000.000000;0:1,1:1
1259;0.661682;5000.000000;0:1,1:1
1260;0.687224;5000.000000;0:1,1:1
1261;0.963436;5000.000000;0:1,1:1
1262;0.921664;5000.000000;0:1,1:1
1263;0.984241;5000.000000;0:1,1:1
1264;0.952117;5000.000000;0:1,1:1
1265;0.784935;5000.000000;0:1,1:1
1266;0.933345;5000.000000;0:1,1:1
1267;0.698270;5000.000000;0:1,1:1
1268;0.614426;5000.000000;0:1,1:1
1269;0.796719;5000.000000;0:1,1:1
1270;0.765668;5000.000000;0:1,1:1
1271;0.635075;5000.000000;0:1,1:1
1272;0.622232;5000.000000;0:1,1:1
1273;0.601099;5000.000000;0:1,1:1
1274;0.818547;5000.000000;0:1,1:1
1275;0.894045;5000.000000;0:1,1:1
1276;0.748897;5000.000000;0:1,1:1
1277;0.941446;5000.000000;0:1,1:1
1278;0.668188;5000.000000;0:1,1:1
1279;0.620931;5000.000000;0:1,1:1
1280;0.911012;5000.000000;0:1,1:1
1281;0.753714;5000.000000;0:1,1:1
1282;0.764600;5000.000000;0:1,1:1
1283;0.642964;5000.000000;0:1,1:1
1284;0.637244;5000.000000;0:1,1:1
1285;0.651558;5000.000000;0:1,1:1
1286;0.760568;5000.000000;0:1,1:1
1287;0.983805;5000.000000;0:1,1:1
1288;0.827460;5000.000000;0:1,1:1
1289;0.928468;5000.000000;0:1,1:1
1290;0.800359;5000.000000;0:1,1:1
1291;0.970888;5000.000000;0:1,1:1
1292;0.865385;5000.000000;0:1,1:1
1293;0.757462;5000.000000;0:1,1:1
1294;0.971265;5000.000000;0:1,1:1
1295;0.928317;5000.000000;0:1,1:1
1296;0.791141;5000.000000;0:1,1:1
1297;0.892889;5000.000000;0:1,1:1
1298;0.778537;5000.000000;0:1,1:1
1299;0.758061;5000.000000;0:1,1:1
1300;0.970743;5000.000000;0:1,1:1
1301;0.951606;5000.000000;0:1,1:1
1302;0.688611;5000.000000;0:1,1:1
1303;0.628019;5000.000000;0:1,1:1
1304;0.894242;5000.000000;0:1,1:1
1305;0.859996;5000.000000;0:1,1:1
1306;0.855611;5000.000000;0:1,1:1
1307;0.850781;5000.000000;0:1,1:1
1308;0.710351;5000.000000;0:1,1:1
1309;0.653069;5000.000000;0:1,1:1
1310;0.750075;5000.000000;0:1,1:1
1311;0.959274;5000.000000;0:1,1:1
1312;0.757997;5000.000000;0:1,1:1
1313;0.814033;5000.000000;0:1,1:1
1314;0.699162;5000.000000;0:1,1:1
1315;0.876010;5000.000000;0:1,1:1
1316;0.828769;5000.000000;0:1,1:1
1317;0.634698;5000.000000;0:1,1:1
1318;0.866650;5000.000000;0:1,1:1
1319;0.939899;5000.000000;0:1,1:1
1320;0.781494;5000.000000;0:1,1:1
1321;0.733611;5000.000000;0:1,1:1
1322;0.694378;5000.000000;0:1,1:1
1323;0.848998;5000.000000;0:1,1:1
1324;0.616998;5000.000000;0:1,1:1
1325;0.656699;5000.000000;0:1,1:1
1326;0.846206;5000.000000;0:1,1:1
1327;0.632755;5000.000000;0:1,1:1
1328;0.884442;5000.000000;0:1,1:1
1329;0.803845;5000.000000;0:1,1:1
1330;0.998067;5000.000000;0:1,1:1
1331;0.970658;5000.000000;0:1,1:1
1332;0.669922;5000.000000;0:1,1:1
1333;0.605768;5000.000000;0:1,1:1
1334;0.847629;5000.000000;0:1,1:1
1335;0.654469;5000.000000;0:1,1:1
1336;0.748100;5000.000000;0:1,1:1
1337;0.600553;5000.000000;0:1,1:1
1338;0.976562;5000.000000;0:1,1:1
1339;0.991634;5000.000000;0:1,1:1
1340;0.774838;5000.000000;0:1,1:1
1341;0.947956;5000.000000;0:1,1:1
1342;0.889058;5000.000000;0:1,1:1
1343;0.825686;5000.000000;0:1,1:1
1344;0.962778;5000.000000;0:1,1:1
1345;0.831616;5000.000000;0:1,1:1
1346;0.851325;5000.000000;0:1,1:1
1347;0.656090;5000.000000;0:1,1:1
1348;0.921959;5000.000000;0:1,1:1
1349;0.888682;5000.000000;0:1,1:1
1350;0.924292;5000.000000;0:1,1:1
1351;0.860064;5000.000000;0:1,1:1
1352;0.926606;5000.000000;0:1,1:1
1353;0.789611;5000.000000;0:1,1:1
1354;0.926952;5000.000000;0:1,1:1
1355;0.701218;5000.000000;0:1,1:1
1356;0.856337;5000.000000;0:1,1:1
1357;0.639394;5000.000000;0:1,1:1
1358;0.884516;5000.000000;0:1,1:1
1359;0.721267;5000.000000;0:1,1:1
1360;0.628023;5000.000000;0:1,1:1
1361;0.806790;5000.000000;0:1,1:1
1362;0.836366;5000.000000;0:1,1:1
1363;0.928633;5000.000000;0:1,1:1
1364;0.909664;5000.000000;0:1,1:1
1365;0.801092;5000.000000;0:1,1:1
1366;0.817782;5000.000000;0:1,1:1
1367;0.980584;5000.000000;0:1,1:1
1368;0.966709;5000.000000;0:1,1:1
1369;0.665634;5000.000000;0:1,1:1
1370;0.615191;5000.000000;0:1,1:1
1371;0.720507;5000.000000;0:1,1:1
1372;0.757309;5000.000000;0:1,1:1
1373;0.622996;5000.000000;0:1,1:1
1374;0.854542;5000.000000;0:1,1:1
1375;0.947383;5000.000000;0:1,1:1
1376;0.834080;5000.000000;0:1,1:1
1377;0.818433;5000.000000;0:1,1:1
1378;0.959596;5000.000000;0:1,1:1
1379;0.760555;5000.000000;0:1,1:1
1380;0.699651;5000.000000;0:1,1:1
1381;0.783751;5000.000000;0:1,1:1
1382;0.798367;5000.000000;0:1,1:1
1383;0.718710;5000.000000;0:1,1:1
1384;0.963592;5000.000000;0:1,1:1
1385;0.877625;5000.000000;0:1,1:1
1386;0.930233;5000.000000;0:1,1:1
1387;0.700687;5000.000000;0:1,1:1
1388;0.933563;5000.000000;0:1,1:1
1389;0.869434;5000.000000;0:1,1:1
1390;0.663113;5000.000000;0:1,1:1
1391;0.630190;5000.000000;0:1,1:1
1392;0.764306;5000.000000;0:1,1:1
1393;0.783795;5000.000000;0:1,1:1
1394;0.757032;5000.000000;0:1,1:1
1395;0.774816;5000.000000;0:1,1:1
1396;0.957933;5000.000000;0:1,1:1
1397;0.688769;5000.000000;0:1,1:1
1398;0.918722;5000.000000;0:1,1:1
1399;0.687317;5000.000000;0:1,1:1
1400;0.988823;5000.000000;0:1,1:1
1401;0.932912;5000.000000;0:1,1:1
1402;0.874864;5000.000000;0:1,1:1
1403;0.792595;5000.000000;0:1,1:1
1404;0.675042;5000.000000;0:1,1:1
1405;0.796527;5000.000000;0:1,1:1
1406;0.815619;5000.000000;0:1,1:1
1407;0.977035;5000.000000;0:1,1:1
1408;0.708991;5000.000000;0:1,1:1
1409;0.916726;5000.000000;0:1,1:1
1410;0.892301;5000.000000;0:1,1:1
1411;0.973654;5000.000000;0:1,1:1
1412;0.996929;5000.000000;0:1,1:1
1413;0.741670;5000.000000;0:1,1:1
1414;0.878569;5000.000000;0:1,1:1
1415;0.844244;5000.000000;0:1,1:1
1416;0.820822;5000.000000;0:1,1:1
1417;0.621533;5000.000000;0:1,1:1
1418;0.800989;5000.000000;0:1,1:1
1419;0.662387;5000.000000;0:1,1:1
1420;0.751825;5000.000000;0:1,1:1
1421;0.721967;5000.000000;0:1,1:1
1422;0.633146;5000.000000;0:1,1:1
1423;0.998430;5000.000000;0:1,1:1
1424;0.790387;5000.000000;0:1,1:1
1425;0.698965;5000.000000;0:1,1:1
1426;0.909305;5000.000000;0:1,1:1
1427;0.605190;5000.000000;0:1,1:1
1428;0.870053;5000.000000;0:1,1:1
1429;0.733209;5000.000000;0:1,1:1
1430;0.742480;5000.000000;0:1,1:1
1431;0.865412;5000.000000;0:1,1:1
1432;0.963947;5000.000000;0:1,1:1
1433;0.693695;5000.000000;0:1,1:1
1434;0.994264;5000.000000;0:1,1:1
1435;0.989443;5000.000000;0:1,1:1
1436;0.867571;5000.000000;0:1,1:1
1437;0.914901;5000.000000;0:1,1:1
1438;0.656926;5000.000000;0:1,1:1
1439;0.948235;5000.000000;0:1,1:1
1440;0.956598;5000.000000;0:1,1:1
1441;0.892004;5000.000000;0:1,1:1
1442;0.906752;5000.000000;0:1,1:1
1443;0.994055;5000.000000;0:1,1:1
1444;0.723199;5000.000000;0:1,1:1
1445;0.909248;5000.000000;0:1,1:1
1446;0.852201;5000.000000;0:1,1:1
1447;0.710477;5000.000000;0:1,1:1
1448;0.872936;5000.000000;0:1,1:1
1449;0.740458;5000.000000;0:1,1:1
1450;0.852721;5000.000000;0:1,1:1
1451;0.787298;5000.000000;0:1,1:1
1452;0.987025;5000.000000;0:1,1:1
1453;0.610858;5000.000000;0:1,1:1
1454;0.794113;5000.000000;0:1,1:1
1455;0.724105;5000.000000;0:1,1:1
1456;0.998319;5000.000000;0:1,1:1
1457;0.806650;5000.000000;0:1,1:1
1458;0.754919;5000.000000;0:1,1:1
1459;0.627828;5000.000000;0:1,1:1
1460;0.929923;5000.000000;0:1,1:1
1461;0.759084;5000.000000;0:1,1:1
1462;0.845437;5000.000000;0:1,1:1
1463;0.693463;5000.000000;0:1,1:1
1464;0.862445;5000.000000;0:1,1:1
1465;0.759173;5000.000000;0:1,1:1
1466;0.717885;5000.000000;0:1,1:1
1467;0.865500;5000.000000;0:1,1:1
1468;0.978823;5000.000000;0:1,1:1
1469;0.790426;5000.000000;0:1,1:1
1470;0.970297;5000.000000;0:1,1:1
1471;0.617133;5000.000000;0:1,1:1
1472;0.938343;5000.000000;0:1,1:1
1473;0.902317;5000.000000;0:1,1:1
1474;0.846138;5000.000000;0:1,1:1
1475;0.621009;5000.000000;0:1,1:1
1476;0.915395;5000.000000;0:1,1:1
1477;0.867746;5000.000000;0:1,1:1
1478;0.713346;5000.000000;0:1,1:1
1479;0.769727;5000.000000;0:1,1:1
1480;0.893109;5000.000000;0:1,1:1
1481;0.984872;5000.000000;0:1,1:1
1482;0.717489;5000.000000;0:1,1:1
1483;0.976225;5000.000000;0:1,1:1
1484;0.763617;5000.000000;0:1,1:1
1485;0.736601;5000.000000;0:1,1:1
1486;0.663689;5000.000000;0:1,1:1
1487;0.888244;5000.000000;0:1,1:1
1488;0.808999;5000.000000;0:1,1:1
1489;0.703814;5000.000000;0:1,1:1
1490;0.794044;5000.000000;0:1,1:1
1491;0.634983;5000.000000;0:1,1:1
1492;0.861222;5000.000000;0:1,1:1
1493;0.917327;5000.000000;0:1,1:1
1494;0.831555;5000.000000;0:1,1:1
1495;0.650795;5000.000000;0:1,1:1
1496;0.853070;5000.000000;0:1,1:1
1497;0.676137;5000.000000;0:1,1:1
1498;0.849897;5000.000000;0:1,1:1
1499;0.600204;5000.000000;0:1,1:1
1500;0.643925;5000.000000;0:1,1:1
1501;0.877133;5000.000000;0:1,1:1
1502;0.936791;5000.000000;0:1,1:1
1503;0.919558;5000.000000;0:1,1:1
1504;0.994256;5000.000000;0:1,1:1
1505;0.685539;5000.000000;0:1,1:1
1506;0.780084;5000.000000;0:1,1:1
1507;0.812959;5000.000000;0:1,1:1
1508;0.879708;5000.000000;0:1,1:1
1509;0.666012;5000.000000;0:1,1:1
1510;0.615793;5000.000000;0:1,1:1
1511;0.894586;5000.000000;0:1,1:1
1512;0.813284;5000.000000;0:1,1:1
1513;0.642467;5000.000000;0:1,1:1
1514;0.749689;5000.000000;0:1,1:1
1515;0.818888;5000.000000;0:1,1:1
1516;0.607427;5000.000000;0:1,1:1
1517;0.973800;5000.000000;0:1,1:1
1518;0.906231;5000.000000;0:1,1:1
1519;0.604391;5000.000000;0:1,1:1
1520;0.792122;5000.000000;0:1,1:1
1521;0.641345;5000.000000;0:1,1:1
1522;0.842709;5000.000000;0:1,1:1
1523;0.831888;5000.000000;0:1,1:1
1524;0.920909;5000.000000;0:1,1:1
1525;0.771431;5000.000000;0:1,1:1
1526;0.773586;5000.000000;0:1,1:1
1527;0.981748;5000.000000;0:1,1:1
1528;0.827969;5000.000000;0:1,1:1
1529;0.658408;5000.000000;0:1,1:1
1530;0.853246;5000.000000;0:1,1:1
1531;0.960435;5000.000000;0:1,1:1
1532;0.996216;5000.000000;0:1,1:1
1533;0.876434;5000.000000;0:1,1:1
1534;0.868004;5000.000000;0:1,1:1
1535;0.842069;5000.000000;0:1,1:1
