0;0.684304;5000.000000;0:1
1;0.912287;5000.000000;0:1
2;0.883916;5000.000000;0:1
3;0.730515;5000.000000;0:1
4;0.721029;5000.000000;0:1
5;0.999786;5000.000000;0:1
6;0.861650;5000.000000;0:1
7;0.869894;5000.000000;0:1
8;0.873054;5000.000000;0:1
9;0.698074;5000.000000;0:1
10;0.612735;5000.000000;0:1
11;0.946220;5000.000000;0:1
12;0.917379;5000.000000;0:1
13;0.808922;5000.000000;0:1
14;0.762981;5000.000000;0:1
15;0.880184;5000.000000;0:1
16;0.752064;5000.000000;0:1
17;0.603284;5000.000000;0:1
18;0.759286;5000.000000;0:1
19;0.602154;5000.000000;0:1
20;0.751877;5000.000000;0:1
21;0.942420;5000.000000;0:1
22;0.696047;5000.000000;0:1
23;0.884950;5000.000000;0:1
24;0.807215;5000.000000;0:1
25;0.804877;5000.000000;0:1
26;0.671679;5000.000000;0:1
27;0.984795;5000.000000;0:1
28;0.729979;5000.000000;0:1
29;0.699962;5000.000000;0:1
30;0.640338;5000.000000;0:1
31;0.715016;5000.000000;0:1
32;0.901201;5000.000000;0:1
33;0.955106;5000.000000;0:1
34;0.618842;5000.000000;0:1
35;0.872192;5000.000000;0:1
36;0.687335;5000.000000;0:1
37;0.874698;5000.000000;0:1
38;0.867061;5000.000000;0:1
39;0.700353;5000.000000;0:1
40;0.769010;5000.000000;0:1
41;0.976052;5000.000000;0:1
42;0.852115;5000.000000;0:1
43;0.856715;5000.000000;0:1
44;0.881579;5000.000000;0:1
45;0.726390;5000.000000;0:1
46;0.716827;5000.000000;0:1
47;0.917505;5000.000000;0:1
48;0.667664;5000.000000;0:1
49;0.827629;5000.000000;0:1
50;0.691214;5000.000000;0:1
51;0.955202;5000.000000;0:1
52;0.616401;5000.000000;0:1
53;0.878674;5000.000000;0:1
54;0.747510;5000.000000;0:1
55;0.800382;5000.000000;0:1
56;0.770572;5000.000000;0:1
57;0.758224;5000.000000;0:1
58;0.888056;5000.000000;0:1
59;0.657274;5000.000000;0:1
60;0.611542;5000.000000;0:1
61;0.793361;5000.000000;0:1
62;0.661406;5000.000000;0:1
63;0.958460;5000.000000;0:1
64;0.836192;5000.000000;0:1
65;0.951873;5000.000000;0:1
66;0.955432;5000.000000;0:1
67;0.917848;5000.000000;0:1
68;0.794456;5000.000000;0:1
69;0.963144;5000.000000;0:1
70;0.955622;5000.000000;0:1
71;0.891992;5000.000000;0:1
72;0.821453;5000.000000;0:1
73;0.721534;5000.000000;0:1
74;0.951158;5000.000000;0:1
75;0.661699;5000.000000;0:1
76;0.779375;5000.000000;0:1
77;0.884479;5000.000000;0:1
78;0.847219;5000.000000;0:1
79;0.967046;5000.000000;0:1
80;0.943954;5000.000000;0:1
81;0.741727;5000.000000;0:1
82;0.626533;5000.000000;0:1
83;0.736897;5000.000000;0:1
84;0.974611;5000.000000;0:1
85;0.779868;5000.000000;0:1
86;0.782961;5000.000000;0:1
87;0.603034;5000.000000;0:1
88;0.669494;5000.000000;0:1
89;0.608558;5000.000000;0:1
90;0.604573;5000.000000;0:1
91;0.984056;5000.000000;0:1
92;0.660804;5000.000000;0:1
93;0.881059;5000.000000;0:1
94;0.854811;5000.000000;0:1
95;0.898434;5000.000000;0:1
96;0.766995;5000.000000;0:1
97;0.608671;5000.000000;0:1
98;0.784900;5000.000000;0:1
99;0.878003;5000.000000;0:1
100;0.807157;5000.000000;0:1
101;0.898997;5000.000000;0:1
102;0.954358;5000.000000;0:1
103;0.970151;5000.000000;0:1
104;0.664499;5000.000000;0:1
105;0.626956;5000.000000;0:1
106;0.735232;5000.000000;0:1
107;0.796952;5000.000000;0:1
108;0.727361;5000.000000;0:1
109;0.783474;5000.000000;0:1
110;0.870870;5000.000000;0:1
111;0.697889;5000.000000;0:1
112;0.949621;5000.000000;0:1
113;0.866082;5000.000000;0:1
114;0.617113;5000.000000;0:1
115;0.792707;5000.000000;0:1
116;0.695349;5000.000000;0:1
117;0.899489;5000.000000;0:1
118;0.653794;5000.000000;0:1
119;0.784699;5000.000000;0:1
120;0.726769;5000.000000;0:1
121;0.944712;5000.000000;0:1
122;0.963388;5000.000000;0:1
123;0.860196;5000.000000;0:1
124;0.756222;5000.000000;0:1
125;0.636408;5000.000000;0:1
126;0.759326;5000.000000;0:1
127;0.974350;5000.000000;0:1
128;0.777949;5000.000000;0:1
129;0.713277;5000.000000;0:1
130;0.695778;5000.000000;0:1
131;0.758527;5000.000000;0:1
132;0.746133;5000.000000;0:1
133;0.734666;5000.000000;0:1
134;0.845164;5000.000000;0:1
135;0.871673;5000.000000;0:1
136;0.770268;5000.000000;0:1
137;0.883355;5000.000000;0:1
138;0.753479;5000.000000;0:1
139;0.933980;5000.000000;0:1
140;0.767864;5000.000000;0:1
141;0.680194;5000.000000;0:1
142;0.995318;5000.000000;0:1
143;0.602897;5000.000000;0:1
144;0.924903;5000.000000;0:1
145;0.644431;5000.000000;0:1
146;0.922878;5000.000000;0:1
147;0.945428;5000.000000;0:1
148;0.954808;5000.000000;0:1
149;0.714021;5000.000000;0:1
150;0.721468;5000.000000;0:1
151;0.620975;5000.000000;0:1
152;0.972285;5000.000000;0:1
153;0.612285;5000.000000;0:1
154;0.674704;5000.000000;0:1
155;0.915532;5000.000000;0:1
156;0.820855;5000.000000;0:1
157;0.770773;5000.000000;0:1
158;0.601312;5000.000000;0:1
159;0.811979;5000.000000;0:1
160;0.916822;5000.000000;0:1
161;0.872801;5000.000000;0:1
162;0.712417;5000.000000;0:1
163;0.802016;5000.000000;0:1
164;0.758353;5000.000000;0:1
165;0.710239;5000.000000;0:1
166;0.933074;5000.000000;0:1
167;0.735694;5000.000000;0:1
168;0.969281;5000.000000;0:1
169;0.737160;5000.000000;0:1
170;0.937860;5000.000000;0:1
171;0.675661;5000.000000;0:1
172;0.773873;5000.000000;0:1
173;0.825940;5000.000000;0:1
174;0.958875;5000.000000;0:1
175;0.952679;5000.000000;0:1
176;0.652134;5000.000000;0:1
177;0.945601;5000.000000;0:1
178;0.673568;5000.000000;0:1
179;0.826620;5000.000000;0:1
180;0.859186;5000.000000;0:1
181;0.747403;5000.000000;0:1
182;0.884297;5000.000000;0:1
183;0.806440;5000.000000;0:1
184;0.978930;5000.000000;0:1
185;0.867284;5000.000000;0:1
186;0.674686;5000.000000;0:1
187;0.850316;5000.000000;0:1
188;0.800349;5000.000000;0:1
189;0.706619;5000.000000;0:1
190;0.680426;5000.000000;0:1
191;0.654324;5000.000000;0:1
192;0.757312;5000.000000;0:1
193;0.608030;5000.000000;0:1
194;0.789353;5000.000000;0:1
195;0.643283;5000.000000;0:1
196;0.714231;5000.000000;0:1
197;0.621981;5000.000000;0:1
198;0.976695;5000.000000;0:1
199;0.669443;5000.000000;0:1
200;0.917604;5000.000000;0:1
201;0.883430;5000.000000;0:1
202;0.727248;5000.000000;0:1
203;0.780880;5000.000000;0:1
204;0.740297;5000.000000;0:1
205;0.889688;5000.000000;0:1
206;0.736629;5000.000000;0:1
207;0.814190;5000.000000;0:1
208;0.894019;5000.000000;0:1
209;0.939612;5000.000000;0:1
210;0.831694;5000.000000;0:1
211;0.879931;5000.000000;0:1
212;0.927550;5000.000000;0:1
213;0.604053;5000.000000;0:1
214;0.624863;5000.000000;0:1
215;0.702807;5000.000000;0:1
216;0.905872;5000.000000;0:1
217;0.994668;5000.000000;0:1
218;0.968102;5000.000000;0:1
219;0.771811;5000.000000;0:1
220;0.916541;5000.000000;0:1
221;0.845779;5000.000000;0:1
222;0.833827;5000.000000;0:1
223;0.919720;5000.000000;0:1
224;0.722652;5000.000000;0:1
225;0.722560;5000.000000;0:1
226;0.629904;5000.000000;0:1
227;0.944790;5000.000000;0:1
228;0.645425;5000.000000;0:1
229;0.770770;5000.000000;0:1
230;0.743532;5000.000000;0:1
231;0.679550;5000.000000;0:1
232;0.831726;5000.000000;0:1
233;0.719397;5000.000000;0:1
234;0.818480;5000.000000;0:1
235;0.750660;5000.000000;0:1
236;0.909448;5000.000000;0:1
237;0.764914;5000.000000;0:1
238;0.714273;5000.000000;0:1
239;0.779717;5000.000000;0:1
240;0.856642;5000.000000;0:1
241;0.740843;5000.000000;0:1
242;0.937214;5000.000000;0:1
243;0.906670;5000.000000;0:1
244;0.683282;5000.000000;0:1
245;0.792122;5000.000000;0:1
246;0.835532;5000.000000;0:1
247;0.619666;5000.000000;0:1
248;0.621028;5000.000000;0:1
249;0.916920;5000.000000;0:1
250;0.631919;5000.000000;0:1
251;0.801732;5000.000000;0:1
252;0.629742;5000.000000;0:1
253;0.860728;5000.000000;0:1
254;0.960159;5000.000000;0:1
255;0.721759;5000.000000;0:1
256;0.769460;5000.000000;0:1
257;0.905796;5000.000000;0:1
258;0.686742;5000.000000;0:1
259;0.872711;5000.000000;0:1
260;0.885772;5000.000000;0:1
261;0.660720;5000.000000;0:1
262;0.695512;5000.000000;0:1
263;0.857132;5000.000000;0:1
264;0.989833;5000.000000;0:1
265;0.890193;5000.000000;0:1
266;0.899045;5000.000000;0:1
267;0.804744;5000.000000;0:1
268;0.683519;5000.000000;0:1
269;0.792382;5000.000000;0:1
270;0.786595;5000.000000;0:1
271;0.794939;5000.000000;0:1
272;0.872870;5000.000000;0:1
273;0.902989;5000.000000;0:1
274;0.835749;5000.000000;0:1
275;0.691314;5000.000000;0:1
276;0.990611;5000.000000;0:1
277;0.775166;5000.000000;0:1
278;0.761993;5000.000000;0:1
279;0.776020;5000.000000;0:1
280;0.822776;5000.000000;0:1
281;0.998911;5000.000000;0:1
282;0.789408;5000.000000;0:1
283;0.678878;5000.000000;0:1
284;0.815909;5000.000000;0:1
285;0.941909;5000.000000;0:1
286;0.639174;5000.000000;0:1
287;0.741992;5000.000000;0:1
288;0.703700;5000.000000;0:1
289;0.719862;5000.000000;0:1
290;0.838516;5000.000000;0:1
291;0.924338;5000.000000;0:1
292;0.967113;5000.000000;0:1
293;0.715825;5000.000000;0:1
294;0.718676;5000.000000;0:1
295;0.767597;5000.000000;0:1
296;0.725013;5000.000000;0:1
297;0.986615;5000.000000;0:1
298;0.983299;5000.000000;0:1
299;0.741454;5000.000000;0:1
300;0.668928;5000.000000;0:1
301;0.772818;5000.000000;0:1
302;0.865037;5000.000000;0:1
303;0.795371;5000.000000;0:1
304;0.706148;5000.000000;0:1
305;0.975943;5000.000000;0:1
306;0.776138;5000.000000;0:1
307;0.958721;5000.000000;0:1
308;0.913702;5000.000000;0:1
309;0.821100;5000.000000;0:1
310;0.808021;5000.000000;0:1
311;0.798756;5000.000000;0:1
312;0.856909;5000.000000;0:1
313;0.742594;5000.000000;0:1
314;0.660108;5000.000000;0:1
315;0.689930;5000.000000;0:1
316;0.619382;5000.000000;0:1
317;0.959428;5000.000000;0:1
318;0.771261;5000.000000;0:1
319;0.935761;5000.000000;0:1
320;0.875072;5000.000000;0:1
321;0.892785;5000.000000;0:1
322;0.649665;5000.000000;0:1
323;0.649499;5000.000000;0:1
324;0.932154;5000.000000;0:1
325;0.775119;5000.000000;0:1
326;0.877769;5000.000000;0:1
327;0.758879;5000.000000;0:1
328;0.676994;5000.000000;0:1
329;0.904328;5000.000000;0:1
330;0.730083;5000.000000;0:1
331;0.900961;5000.000000;0:1
332;0.886966;5000.000000;0:1
333;0.772619;5000.000000;0:1
334;0.971072;5000.000000;0:1
335;0.807516;5000.000000;0:1
336;0.954383;5000.000000;0:1
337;0.848364;5000.000000;0:1
338;0.609570;5000.000000;0:1
339;0.867023;5000.000000;0:1
340;0.871081;5000.000000;0:1
341;0.816325;5000.000000;0:1
342;0.731916;5000.000000;0:1
343;0.828363;5000.000000;0:1
344;0.726478;5000.000000;0:1
345;0.950006;5000.000000;0:1
346;0.837910;5000.000000;0:1
347;0.699917;5000.000000;0:1
348;0.897036;5000.000000;0:1
349;0.613028;5000.000000;0:1
350;0.826044;5000.000000;0:1
351;0.604599;5000.000000;0:1
352;0.684064;5000.000000;0:1
353;0.705208;5000.000000;0:1
354;0.979753;5000.000000;0:1
355;0.775491;5000.000000;0:1
356;0.952418;5000.000000;0:1
357;0.622789;5000.000000;0:1
358;0.801354;5000.000000;0:1
359;0.972343;5000.000000;0:1
360;0.977554;5000.000000;0:1
361;0.899813;5000.000000;0:1
362;0.929477;5000.000000;0:1
363;0.767472;5000.000000;0:1
364;0.854521;5000.000000;0:1
365;0.789314;5000.000000;0:1
366;0.851766;5000.000000;0:1
367;0.989036;5000.000000;0:1
368;0.805141;5000.000000;0:1
369;0.841866;5000.000000;0:1
370;0.994200;5000.000000;0:1
371;0.930930;5000.000000;0:1
372;0.914253;5000.000000;0:1
373;0.842482;5000.000000;0:1
374;0.758939;5000.000000;0:1
375;0.759830;5000.000000;0:1
376;0.868858;5000.000000;0:1
377;0.727271;5000.000000;0:1
378;0.995961;5000.000000;0:1
379;0.879540;5000.000000;0:1
380;0.806762;5000.000000;0:1
381;0.633830;5000.000000;0:1
382;0.682696;5000.000000;0:1
383;0.802463;5000.000000;0:1
384;0.896244;5000.000000;0:1
385;0.887275;5000.000000;0:1
386;0.784213;5000.000000;0:1
387;0.785329;5000.000000;0:1
388;0.845366;5000.000000;0:1
389;0.779499;5000.000000;0:1
390;0.765644;5000.000000;0:1
391;0.790562;5000.000000;0:1
392;0.804016;5000.000000;0:1
393;0.701227;5000.000000;0:1
394;0.696863;5000.000000;0:1
395;0.732965;5000.000000;0:1
396;0.612984;5000.000000;0:1
397;0.688476;5000.000000;0:1
398;0.842657;5000.000000;0:1
399;0.906290;5000.000000;0:1
400;0.884761;5000.000000;0:1
401;0.634148;5000.000000;0:1
402;0.872240;5000.000000;0:1
403;0.618408;5000.000000;0:1
404;0.630893;5000.000000;0:1
405;0.601805;5000.000000;0:1
406;0.879759;5000.000000;0:1
407;0.664303;5000.000000;0:1
408;0.743271;5000.000000;0:1
409;0.919023;5000.000000;0:1
410;0.918582;5000.000000;0:1
411;0.824066;5000.000000;0:1
412;0.738995;5000.000000;0:1
413;0.845279;5000.000000;0:1
414;0.794154;5000.000000;0:1
415;0.765332;5000.000000;0:1
416;0.866311;5000.000000;0:1
417;0.675026;5000.000000;0:1
418;0.618776;5000.000000;0:1
419;0.794251;5000.000000;0:1
420;0.886718;5000.000000;0:1
421;0.780239;5000.000000;0:1
422;0.956915;5000.000000;0:1
423;0.667315;5000.000000;0:1
424;0.655134;5000.000000;0:1
425;0.814480;5000.000000;0:1
426;0.864516;5000.000000;0:1
427;0.812187;5000.000000;0:1
428;0.916003;5000.000000;0:1
429;0.866228;5000.000000;0:1
430;0.835418;5000.000000;0:1
431;0.808493;5000.000000;0:1
432;0.803610;5000.000000;0:1
433;0.994935;5000.000000;0:1
434;0.997589;5000.000000;0:1
435;0.840460;5000.000000;0:1
436;0.835578;5000.000000;0:1
437;0.676769;5000.000000;0:1
438;0.925805;5000.000000;0:1
439;0.919730;5000.000000;0:1
440;0.612905;5000.000000;0:1
441;0.685521;5000.000000;0:1
442;0.627937;5000.000000;0:1
443;0.897046;5000.000000;0:1
444;0.924855;5000.000000;0:1
445;0.940319;5000.000000;0:1
446;0.810696;5000.000000;0:1
447;0.837007;5000.000000;0:1
448;0.905875;5000.000000;0:1
449;0.867129;5000.000000;0:1
450;0.813345;5000.000000;0:1
451;0.836583;5000.000000;0:1
452;0.812880;5000.000000;0:1
453;0.742394;5000.000000;0:1
454;0.942574;5000.000000;0:1
455;0.682219;5000.000000;0:1
456;0.644444;5000.000000;0:1
457;0.956125;5000.000000;0:1
458;0.986570;5000.000000;0:1
459;0.903977;5000.000000;0:1
460;0.668133;5000.000000;0:1
461;0.637756;5000.000000;0:1
462;0.806004;5000.000000;0:1
463;0.774232;5000.000000;0:1
464;0.755540;5000.000000;0:1
465;0.653855;5000.000000;0:1
466;0.861394;5000.000000;0:1
467;0.818639;5000.000000;0:1
468;0.842264;5000.000000;0:1
469;0.989100;5000.000000;0:1
470;0.641140;5000.000000;0:1
471;0.871716;5000.000000;0:1
472;0.747471;5000.000000;0:1
473;0.944740;5000.000000;0:1
474;0.676315;5000.000000;0:1
475;0.720647;5000.000000;0:1
476;0.789318;5000.000000;0:1
477;0.790395;5000.000000;0:1
478;0.803028;5000.000000;0:1
479;0.700277;5000.000000;0:1
480;0.941864;5000.000000;0:1
481;0.887183;5000.000000;0:1
482;0.999578;5000.000000;0:1
483;0.691801;5000.000000;0:1
484;0.661927;5000.000000;0:1
485;0.713888;5000.000000;0:1
486;0.954687;5000.000000;0:1
487;0.628720;5000.000000;0:1
488;0.733746;5000.000000;0:1
489;0.731722;5000.000000;0:1
490;0.824996;5000.000000;0:1
491;0.994764;5000.000000;0:1
492;0.899430;5000.000000;0:1
493;0.739543;5000.000000;0:1
494;0.829224;5000.000000;0:1
495;0.991873;5000.000000;0:1
496;0.886989;5000.000000;0:1
497;0.847988;5000.000000;0:1
498;0.901507;5000.000000;0:1
499;0.991824;5000.000000;0:1
500;0.607438;5000.000000;0:1
501;0.859415;5000.000000;0:1
502;0.905597;5000.000000;0:1
503;0.794807;5000.000000;0:1
504;0.938966;5000.000000;0:1
505;0.964450;5000.000000;0:1
506;0.748276;5000.000000;0:1
507;0.725449;5000.000000;0:1
508;0.745711;5000.000000;0:1
509;0.779783;5000.000000;0:1
510;0.940587;5000.000000;0:1
511;0.740473;5000.000000;0:1
512;0.949047;5000.000000;1:1
513;0.719749;5000.000000;1:1
514;0.605284;5000.000000;1:1
515;0.619635;5000.000000;1:1
516;0.861343;5000.000000;1:1
517;0.813300;5000.000000;1:1
518;0.691599;5000.000000;1:1
519;0.689862;5000.000000;1:1
520;0.708841;5000.000000;1:1
521;0.990948;5000.000000;1:1
522;0.782659;5000.000000;1:1
523;0.703972;5000.000000;1:1
524;0.722407;5000.000000;1:1
525;0.835674;5000.000000;1:1
526;0.604051;5000.000000;1:1
527;0.620212;5000.000000;1:1
528;0.607230;5000.000000;1:1
529;0.901810;5000.000000;1:1
530;0.861428;5000.000000;1:1
531;0.708251;5000.000000;1:1
532;0.678158;5000.000000;1:1
533;0.916228;5000.000000;1:1
534;0.716162;5000.000000;1:1
535;0.631559;5000.000000;1:1
536;0.603377;5000.000000;1:1
537;0.813303;5000.000000;1:1
538;0.776333;5000.000000;1:1
539;0.618632;5000.000000;1:1
540;0.857908;5000.000000;1:1
541;0.736224;5000.000000;1:1
542;0.965308;5000.000000;1:1
543;0.973490;5000.000000;1:1
544;0.658082;5000.000000;1:1
545;0.722814;5000.000000;1:1
546;0.818214;5000.000000;1:1
547;0.761885;5000.000000;1:1
548;0.784978;5000.000000;1:1
549;0.841430;5000.000000;1:1
550;0.883843;5000.000000;1:1
551;0.867419;5000.000000;1:1
552;0.795661;5000.000000;1:1
553;0.900130;5000.000000;1:1
554;0.683469;5000.000000;1:1
555;0.688699;5000.000000;1:1
556;0.688445;5000.000000;1:1
557;0.734389;5000.000000;1:1
558;0.996547;5000.000000;1:1
559;0.728787;5000.000000;1:1
560;0.830910;5000.000000;1:1
561;0.834229;5000.000000;1:1
562;0.885828;5000.000000;1:1
563;0.853570;5000.000000;1:1
564;0.686081;5000.000000;1:1
565;0.807882;5000.000000;1:1
566;0.969890;5000.000000;1:1
567;0.644939;5000.000000;1:1
568;0.834286;5000.000000;1:1
569;0.860427;5000.000000;1:1
570;0.605637;5000.000000;1:1
571;0.729826;5000.000000;1:1
572;0.872550;5000.000000;1:1
573;0.722446;5000.000000;1:1
574;0.735829;5000.000000;1:1
575;0.740943;5000.000000;1:1
576;0.826416;5000.000000;1:1
577;0.684707;5000.000000;1:1
578;0.623700;5000.000000;1:1
579;0.728380;5000.000000;1:1
580;0.950329;5000.000000;1:1
581;0.675623;5000.000000;1:1
582;0.941898;5000.000000;1:1
583;0.800858;5000.000000;1:1
584;0.680191;5000.000000;1:1
585;0.622668;5000.000000;1:1
586;0.999585;5000.000000;1:1
587;0.648935;5000.000000;1:1
588;0.703697;5000.000000;1:1
589;0.680883;5000.000000;1:1
590;0.983231;5000.000000;1:1
591;0.945228;5000.000000;1:1
592;0.929403;5000.000000;1:1
593;0.951579;5000.000000;1:1
594;0.632923;5000.000000;1:1
595;0.912684;5000.000000;1:1
596;0.692790;5000.000000;1:1
597;0.729994;5000.000000;1:1
598;0.745661;5000.000000;1:1
599;0.628884;5000.000000;1:1
600;0.793114;5000.000000;1:1
601;0.952126;5000.000000;1:1
602;0.844443;5000.000000;1:1
603;0.696584;5000.000000;1:1
604;0.915840;5000.000000;1:1
605;0.769442;5000.000000;1:1
606;0.669323;5000.000000;1:1
607;0.796369;5000.000000;1:1
608;0.613867;5000.000000;1:1
609;0.710446;5000.000000;1:1
610;0.639076;5000.000000;1:1
611;0.681902;5000.000000;1:1
612;0.761813;5000.000000;1:1
613;0.754986;5000.000000;1:1
614;0.794303;5000.000000;1:1
615;0.651886;5000.000000;1:1
616;0.628526;5000.000000;1:1
617;0.886734;5000.000000;1:1
618;0.667005;5000.000000;1:1
619;0.745243;5000.000000;1:1
620;0.654637;5000.000000;1:1
621;0.898179;5000.000000;1:1
622;0.861610;5000.000000;1:1
623;0.694683;5000.000000;1:1
624;0.867512;5000.000000;1:1
625;0.609078;5000.000000;1:1
626;0.682491;5000.000000;1:1
627;0.701480;5000.000000;1:1
628;0.637194;5000.000000;1:1
629;0.869581;5000.000000;1:1
630;0.641374;5000.000000;1:1
631;0.775122;5000.000000;1:1
632;0.771137;5000.000000;1:1
633;0.871208;5000.000000;1:1
634;0.679830;5000.000000;1:1
635;0.760229;5000.000000;1:1
636;0.775772;5000.000000;1:1
637;0.775595;5000.000000;1:1
638;0.810754;5000.000000;1:1
639;0.942065;5000.000000;1:1
640;0.738381;5000.000000;1:1
641;0.709639;5000.000000;1:1
642;0.606777;5000.000000;1:1
643;0.614652;5000.000000;1:1
644;0.942558;5000.000000;1:1
645;0.883037;5000.000000;1:1
646;0.723693;5000.000000;1:1
647;0.659537;5000.000000;1:1
648;0.755783;5000.000000;1:1
649;0.906438;5000.000000;1:1
650;0.600171;5000.000000;1:1
651;0.669245;5000.000000;1:1
652;0.869272;5000.000000;1:1
653;0.630020;5000.000000;1:1
654;0.798558;5000.000000;1:1
655;0.884214;5000.000000;1:1
656;0.639240;5000.000000;1:1
657;0.863968;5000.000000;1:1
658;0.982333;5000.000000;1:1
659;0.997288;5000.000000;1:1
660;0.643670;5000.000000;1:1
661;0.967617;5000.000000;1:1
662;0.974280;5000.000000;1:1
663;0.838487;5000.000000;1:1
664;0.852515;5000.000000;1:1
665;0.750901;5000.000000;1:1
666;0.844272;5000.000000;1:1
667;0.764628;5000.000000;1:1
668;0.726346;5000.000000;1:1
669;0.655523;5000.000000;1:1
670;0.916727;5000.000000;1:1
671;0.790353;5000.000000;1:1
672;0.905835;5000.000000;1:1
673;0.761546;5000.000000;1:1
674;0.634566;5000.000000;1:1
675;0.899377;5000.000000;1:1
676;0.840130;5000.000000;1:1
677;0.911292;5000.000000;1:1
678;0.647614;5000.000000;1:1
679;0.916084;5000.000000;1:1
680;0.920876;5000.000000;1:1
681;0.840272;5000.000000;1:1
682;0.991971;5000.000000;1:1
683;0.659848;5000.000000;1:1
684;0.948101;5000.000000;1:1
685;0.786069;5000.000000;1:1
686;0.622885;5000.000000;1:1
687;0.693871;5000.000000;1:1
688;0.637835;5000.000000;1:1
689;0.606686;5000.000000;1:1
690;0.828704;5000.000000;1:1
691;0.655397;5000.000000;1:1
692;0.792158;5000.000000;1:1
693;0.718401;5000.000000;1:1
694;0.683847;5000.000000;1:1
695;0.767064;5000.000000;1:1
696;0.977299;5000.000000;1:1
697;0.719035;5000.000000;1:1
698;0.658283;5000.000000;1:1
699;0.995870;5000.000000;1:1
700;0.842562;5000.000000;1:1
701;0.877666;5000.000000;1:1
702;0.940683;5000.000000;1:1
703;0.896576;5000.000000;1:1
704;0.884640;5000.000000;1:1
705;0.802251;5000.000000;1:1
706;0.867345;5000.000000;1:1
707;0.758070;5000.000000;1:1
708;0.611270;5000.000000;1:1
709;0.658513;5000.000000;1:1
710;0.959542;5000.000000;1:1
711;0.728879;5000.000000;1:1
712;0.894362;5000.000000;1:1
713;0.656940;5000.000000;1:1
714;0.678698;5000.000000;1:1
715;0.898227;5000.000000;1:1
716;0.674247;5000.000000;1:1
717;0.771119;5000.000000;1:1
718;0.619500;5000.000000;1:1
719;0.960236;5000.000000;1:1
720;0.668993;5000.000000;1:1
721;0.966700;5000.000000;1:1
722;0.626430;5000.000000;1:1
723;0.651630;5000.000000;1:1
724;0.834764;5000.000000;1:1
725;0.620449;5000.000000;1:1
726;0.880948;5000.000000;1:1
727;0.615121;5000.000000;1:1
728;0.627004;5000.000000;1:1
729;0.920142;5000.000000;1:1
730;0.850625;5000.000000;1:1
731;0.939798;5000.000000;1:1
732;0.654600;5000.000000;1:1
733;0.739768;5000.000000;1:1
734;0.884705;5000.000000;1:1
735;0.740829;5000.000000;1:1
736;0.696332;5000.000000;1:1
737;0.700426;5000.000000;1:1
738;0.813644;5000.000000;1:1
739;0.973042;5000.000000;1:1
740;0.619300;5000.000000;1:1
741;0.671486;5000.000000;1:1
742;0.918838;5000.000000;1:1
743;0.931535;5000.000000;1:1
744;0.692242;5000.000000;1:1
745;0.950714;5000.000000;1:1
746;0.957467;5000.000000;1:1
747;0.911893;5000.000000;1:1
748;0.863432;5000.000000;1:1
749;0.818610;5000.000000;1:1
750;0.761492;5000.000000;1:1
751;0.633535;5000.000000;1:1
752;0.856952;5000.000000;1:1
753;0.890218;5000.000000;1:1
754;0.939194;5000.000000;1:1
755;0.644088;5000.000000;1:1
756;0.713622;5000.000000;1:1
757;0.674270;5000.000000;1:1
758;0.937531;5000.000000;1:1
759;0.712790;5000.000000;1:1
760;0.618743;5000.000000;1:1
761;0.920573;5000.000000;1:1
762;0.798851;5000.000000;1:1
763;0.881212;5000.000000;1:1
764;0.886331;5000.000000;1:1
765;0.989051;5000.000000;1:1
766;0.820373;5000.000000;1:1
767;0.943315;5000.000000;1:1
768;0.959444;5000.000000;1:1
769;0.828890;5000.000000;1:1
770;0.626110;5000.000000;1:1
771;0.907923;5000.000000;1:1
772;0.611792;5000.000000;1:1
773;0.761488;5000.000000;1:1
774;0.879614;5000.000000;1:1
775;0.640697;5000.000000;1:1
776;0.856049;5000.000000;1:1
777;0.612917;5000.000000;1:1
778;0.902144;5000.000000;1:1
779;0.702385;5000.000000;1:1
780;0.940428;5000.000000;1:1
781;0.780531;5000.000000;1:1
782;0.602842;5000.000000;1:1
783;0.752407;5000.000000;1:1
784;0.894234;5000.000000;1:1
785;0.954245;5000.000000;1:1
786;0.804545;5000.000000;1:1
787;0.782578;5000.000000;1:1
788;0.800207;5000.000000;1:1
789;0.717891;5000.000000;1:1
790;0.740537;5000.000000;1:1
791;0.747598;5000.000000;1:1
792;0.901174;5000.000000;1:1
793;0.993882;5000.000000;1:1
794;0.981124;5000.000000;1:1
795;0.636411;5000.000000;1:1
796;0.971080;5000.000000;1:1
797;0.815785;5000.000000;1:1
798;0.812849;5000.000000;1:1
799;0.741762;5000.000000;1:1
800;0.779531;5000.000000;1:1
801;0.830229;5000.000000;1:1
802;0.803774;5000.000000;1:1
803;0.609733;5000.000000;1:1
804;0.873918;5000.000000;1:1
805;0.817162;5000.000000;1:1
806;0.782279;5000.000000;1:1
807;0.871602;5000.000000;1:1
808;0.806017;5000.000000;1:1
809;0.950910;5000.000000;1:1
810;0.868997;5000.000000;1:1
811;0.841843;5000.000000;1:1
812;0.824096;5000.000000;1:1
813;0.867033;5000.000000;1:1
814;0.792829;5000.000000;1:1
815;0.966117;5000.000000;1:1
816;0.660239;5000.000000;1:1
817;0.962739;5000.000000;1:1
818;0.643163;5000.000000;1:1
819;0.919792;5000.000000;1:1
820;0.692151;5000.000000;1:1
821;0.996473;5000.000000;1:1
822;0.699874;5000.000000;1:1
823;0.773446;5000.000000;1:1
824;0.775874;5000.000000;1:1
825;0.913255;5000.000000;1:1
826;0.710032;5000.000000;1:1
827;0.877239;5000.000000;1:1
828;0.740333;5000.000000;1:1
829;0.647584;5000.000000;1:1
830;0.865820;5000.000000;1:1
831;0.752429;5000.000000;1:1
832;0.895243;5000.000000;1:1
833;0.972172;5000.000000;1:1
834;0.662608;5000.000000;1:1
835;0.888586;5000.000000;1:1
836;0.706111;5000.000000;1:1
837;0.945982;5000.000000;1:1
838;0.829690;5000.000000;1:1
839;0.661031;5000.000000;1:1
840;0.715004;5000.000000;1:1
841;0.680837;5000.000000;1:1
842;0.643132;5000.000000;1:1
843;0.747964;5000.000000;1:1
844;0.633688;5000.000000;1:1
845;0.864891;5000.000000;1:1
846;0.680903;5000.000000;1:1
847;0.984133;5000.000000;1:1
848;0.925672;5000.000000;1:1
849;0.858080;5000.000000;1:1
850;0.911034;5000.000000;1:1
851;0.754560;5000.000000;1:1
852;0.919034;5000.000000;1:1
853;0.747038;5000.000000;1:1
854;0.953014;5000.000000;1:1
855;0.918887;5000.000000;1:1
856;0.640248;5000.000000;1:1
857;0.702972;5000.000000;1:1
858;0.744127;5000.000000;1:1
859;0.904602;5000.000000;1:1
860;0.866063;5000.000000;1:1
861;0.670524;5000.000000;1:1
862;0.666694;5000.000000;1:1
863;0.856333;5000.000000;1:1
864;0.761134;5000.000000;1:1
865;0.628529;5000.000000;1:1
866;0.904207;5000.000000;1:1
867;0.965274;5000.000000;1:1
868;0.694554;5000.000000;1:1
869;0.723491;5000.000000;1:1
870;0.659489;5000.000000;1:1
871;0.678588;5000.000000;1:1
872;0.858043;5000.000000;1:1
873;0.689708;5000.000000;1:1
874;0.650912;5000.000000;1:1
875;0.780224;5000.000000;1:1
876;0.645812;5000.000000;1:1
877;0.730890;5000.000000;1:1
878;0.888845;5000.000000;1:1
879;0.617272;5000.000000;1:1
880;0.814701;5000.000000;1:1
881;0.867397;5000.000000;1:1
882;0.609176;5000.000000;1:1
883;0.660067;5000.000000;1:1
884;0.941638;5000.000000;1:1
885;0.926825;5000.000000;1:1
886;0.625638;5000.000000;1:1
887;0.994794;5000.000000;1:1
888;0.842323;5000.000000;1:1
889;0.972632;5000.000000;1:1
890;0.794213;5000.000000;1:1
891;0.661376;5000.000000;1:1
892;0.693665;5000.000000;1:1
893;0.651481;5000.000000;1:1
894;0.863948;5000.000000;1:1
895;0.917343;5000.000000;1:1
896;0.666124;5000.000000;1:1
897;0.723609;5000.000000;1:1
898;0.993367;5000.000000;1:1
899;0.774370;5000.000000;1:1
900;0.634735;5000.000000;1:1
901;0.851249;5000.000000;1:1
902;0.950745;5000.000000;1:1
903;0.912536;5000.000000;1:1
904;0.660194;5000.000000;1:1
905;0.819965;5000.000000;1:1
906;0.891350;5000.000000;1:1
907;0.795411;5000.000000;1:1
908;0.682994;5000.000000;1:1
909;0.828941;5000.000000;1:1
910;0.886600;5000.000000;1:1
911;0.652522;5000.000000;1:1
912;0.778495;5000.000000;1:1
913;0.795182;5000.000000;1:1
914;0.940174;5000.000000;1:1
915;0.737076;5000.000000;1:1
916;0.775480;5000.000000;1:1
917;0.608519;5000.000000;1:1
918;0.653216;5000.000000;1:1
919;0.956865;5000.000000;1:1
920;0.705280;5000.000000;1:1
921;0.825565;5000.000000;1:1
922;0.955816;5000.000000;1:1
923;0.653948;5000.000000;1:1
924;0.925066;5000.000000;1:1
925;0.979272;5000.000000;1:1
926;0.744222;5000.000000;1:1
927;0.870865;5000.000000;1:1
928;0.628336;5000.000000;1:1
929;0.821987;5000.000000;1:1
930;0.981105;5000.000000;1:1
931;0.672803;5000.000000;1:1
932;0.905034;5000.000000;1:1
933;0.821226;5000.000000;1:1
934;0.700158;5000.000000;1:1
935;0.876462;5000.000000;1:1
936;0.639476;5000.000000;1:1
937;0.990139;5000.000000;1:1
938;0.963801;5000.000000;1:1
939;0.614905;5000.000000;1:1
940;0.804909;5000.000000;1:1
941;0.940016;5000.000000;1:1
942;0.639184;5000.000000;1:1
943;0.798353;5000.000000;1:1
944;0.833451;5000.000000;1:1
945;0.864973;5000.000000;1:1
946;0.889633;5000.000000;1:1
947;0.756834;5000.000000;1:1
948;0.632215;5000.000000;1:1
949;0.626469;5000.000000;1:1
950;0.902672;5000.000000;1:1
951;0.602624;5000.000000;1:1
952;0.777165;5000.000000;1:1
953;0.924542;5000.000000;1:1
954;0.895324;5000.000000;1:1
955;0.844432;5000.000000;1:1
956;0.694257;5000.000000;1:1
957;0.724474;5000.000000;1:1
958;0.723627;5000.000000;1:1
959;0.840797;5000.000000;1:1
960;0.771198;5000.000000;1:1
961;0.707412;5000.000000;1:1
962;0.610430;5000.000000;1:1
963;0.844058;5000.000000;1:1
964;0.775651;5000.000000;1:1
965;0.633300;5000.000000;1:1
966;0.941518;5000.000000;1:1
967;0.759852;5000.000000;1:1
968;0.918894;5000.000000;1:1
969;0.617083;5000.000000;1:1
970;0.951747;5000.000000;1:1
971;0.735042;5000.000000;1:1
972;0.916424;5000.000000;1:1
973;0.633690;5000.000000;1:1
974;0.696515;5000.000000;1:1
975;0.706032;5000.000000;1:1
976;0.803240;5000.000000;1:1
977;0.707828;5000.000000;1:1
978;0.800825;5000.000000;1:1
979;0.965769;5000.000000;1:1
980;0.950470;5000.000000;1:1
981;0.921601;5000.000000;1:1
982;0.919211;5000.000000;1:1
983;0.669001;5000.000000;1:1
984;0.849009;5000.000000;1:1
985;0.835520;5000.000000;1:1
986;0.638639;5000.000000;1:1
987;0.882329;5000.000000;1:1
988;0.635359;5000.000000;1:1
989;0.777552;5000.000000;1:1
990;0.603986;5000.000000;1:1
991;0.971872;5000.000000;1:1
992;0.756876;5000.000000;1:1
993;0.625782;5000.000000;1:1
994;0.687614;5000.000000;1:1
995;0.604298;5000.000000;1:1
996;0.913758;5000.000000;1:1
997;0.607102;5000.000000;1:1
998;0.756921;5000.000000;1:1
999;0.601117;5000.000000;1:1
1000;0.634696;5000.000000;1:1
1001;0.880957;5000.000000;1:1
1002;0.653602;5000.000000;1:1
1003;0.891493;5000.000000;1:1
1004;0.969745;5000.000000;1:1
1005;0.987188;5000.000000;1:1
1006;0.975811;5000.000000;1:1
1007;0.759280;5000.000000;1:1
1008;0.721300;5000.000000;1:1
1009;0.856335;5000.000000;1:1
1010;0.752913;5000.000000;1:1
1011;0.702875;5000.000000;1:1
1012;0.701229;5000.000000;1:1
1013;0.981594;5000.000000;1:1
1014;0.872964;5000.000000;1:1
1015;0.643732;5000.000000;1:1
1016;0.774911;5000.000000;1:1
1017;0.772890;5000.000000;1:1
1018;0.968352;5000.000000;1:1
1019;0.848988;5000.000000;1:1
1020;0.871190;5000.000000;1:1
1021;0.766711;5000.000000;1:1
1022;0.950471;5000.000000;1:1
1023;0.780388;5000.000000;1:1
1024;0.742151;5000.000000;0:1,1:1
1025;0.846952;5000.000000;0:1,1:1
1026;0.820469;5000.000000;0:1,1:1
1027;0.677994;5000.000000;0:1,1:1
1028;0.652497;5000.000000;0:1,1:1
1029;0.602890;5000.000000;0:1,1:1
1030;0.848577;5000.000000;0:1,1:1
1031;0.970190;5000.000000;0:1,1:1
1032;0.813775;5000.000000;0:1,1:1
1033;0.905322;5000.000000;0:1,1:1
1034;0.669325;5000.000000;0:1,1:1
1035;0.838322;5000.000000;0:1,1:1
1036;0.646759;5000.000000;0:1,1:1
1037;0.915013;5000.000000;0:1,1:1
1038;0.853723;5000.000000;0:1,1:1
1039;0.706857;5000.000000;0:1,1:1
1040;0.629755;5000.000000;0:1,1:1
1041;0.870586;5000.000000;0:1,1:1
1042;0.740291;5000.000000;0:1,1:1
1043;0.668844;5000.000000;0:1,1:1
1044;0.701577;5000.000000;0:1,1:1
1045;0.955176;5000.000000;0:1,1:1
1046;0.854111;5000.000000;0:1,1:1
1047;0.883918;5000.000000;0:1,1:1
1048;0.763465;5000.000000;0:1,1:1
1049;0.860048;5000.000000;0:1,1:1
1050;0.755631;5000.000000;0:1,1:1
1051;0.887886;5000.000000;0:1,1:1
1052;0.692858;5000.000000;0:1,1:1
1053;0.955082;5000.000000;0:1,1:1
1054;0.906684;5000.000000;0:1,1:1
1055;0.752768;5000.000000;0:1,1:1
1056;0.700897;5000.000000;0:1,1:1
1057;0.616098;5000.000000;0:1,1:1
1058;0.661391;5000.000000;0:1,1:1
1059;0.726458;5000.000000;0:1,1:1
1060;0.665907;5000.000000;0:1,1:1
1061;0.656716;5000.000000;0:1,1:1
1062;0.918720;5000.000000;0:1,1:1
1063;0.880696;5000.000000;0:1,1:1
1064;0.639594;5000.000000;0:1,1:1
1065;0.870261;5000.000000;0:1,1:1
1066;0.971907;5000.000000;0:1,1:1
1067;0.676051;5000.000000;0:1,1:1
1068;0.668025;5000.000000;0:1,1:1
1069;0.942113;5000.000000;0:1,1:1
1070;0.651588;5000.000000;0:1,1:1
1071;0.703908;5000.000000;0:1,1:1
1072;0.741136;5000.000000;0:1,1:1
1073;0.981715;5000.000000;0:1,1:1
1074;0.719739;5000.000000;0:1,1:1
1075;0.731654;5000.000000;0:1,1:1
1076;0.601447;5000.000000;0:1,1:1
1077;0.845471;5000.000000;0:1,1:1
1078;0.659670;5000.000000;0:1,1:1
1079;0.722705;5000.000000;0:1,1:1
1080;0.778624;5000.000000;0:1,1:1
1081;0.841282;5000.000000;0:1,1:1
1082;0.631341;5000.000000;0:1,1:1
1083;0.886773;5000.000000;0:1,1:1
1084;0.820068;5000.000000;0:1,1:1
1085;0.746798;5000.000000;0:1,1:1
1086;0.887380;5000.000000;0:1,1:1
1087;0.966599;5000.000000;0:1,1:1
1088;0.987851;5000.000000;0:1,1:1
1089;0.743696;5000.000000;0:1,1:1
1090;0.735050;5000.000000;0:1,1:1
1091;0.813045;5000.000000;0:1,1:1
1092;0.859549;5000.000000;0:1,1:1
1093;0.943423;5000.000000;0:1,1:1
1094;0.674968;5000.000000;0:1,1:1
1095;0.624849;5000.000000;0:1,1:1
1096;0.757359;5000.000000;0:1,1:1
1097;0.890597;5000.000000;0:1,1:1
1098;0.940605;5000.000000;0:1,1:1
1099;0.791664;5000.000000;0:1,1:1
1100;0.711220;5000.000000;0:1,1:1
1101;0.815850;5000.000000;0:1,1:1
1102;0.682926;5000.000000;0:1,1:1
1103;0.743913;5000.000000;0:1,1:1
1104;0.951929;5000.000000;0:1,1:1
1105;0.613945;5000.000000;0:1,1:1
1106;0.752022;5000.000000;0:1,1:1
1107;0.751038;5000.000000;0:1,1:1
1108;0.748872;5000.000000;0:1,1:1
1109;0.623340;5000.000000;0:1,1:1
1110;0.683538;5000.000000;0:1,1:1
1111;0.639076;5000.000000;0:1,1:1
1112;0.881085;5000.000000;0:1,1:1
1113;0.851011;5000.000000;0:1,1:1
1114;0.961135;5000.000000;0:1,1:1
1115;0.652144;5000.000000;0:1,1:1
1116;0.800813;5000.000000;0:1,1:1
1117;0.714704;5000.000000;0:1,1:1
1118;0.890282;5000.000000;0:1,1:1
1119;0.771896;5000.000000;0:1,1:1
1120;0.827103;5000.000000;0:1,1:1
1121;0.622709;5000.000000;0:1,1:1
1122;0.841472;5000.000000;0:1,1:1
1123;0.699170;5000.000000;0:1,1:1
1124;0.987412;5000.000000;0:1,1:1
1125;0.654216;5000.000000;0:1,1:1
1126;0.788316;5000.000000;0:1,1:1
1127;0.838556;5000.000000;0:1,1:1
1128;0.887424;5000.000000;0:1,1:1
1129;0.787734;5000.000000;0:1,1:1
1130;0.743216;5000.000000;0:1,1:1
1131;0.679357;5000.000000;0:1,1:1
1132;0.621677;5000.000000;0:1,1:1
1133;0.999558;5000.000000;0:1,1:1
1134;0.905921;5000.000000;0:1,1:1
1135;0.777254;5000.000000;0:1,1:1
1136;0.805943;5000.000000;0:1,1:1
1137;0.862159;5000.000000;0:1,1:1
1138;0.857205;5000.000000;0:1,1:1
1139;0.647404;5000.000000;0:1,1:1
1140;0.797865;5000.000000;0:1,1:1
1141;0.630808;5000.000000;0:1,1:1
1142;0.985746;5000.000000;0:1,1:1
1143;0.707065;5000.000000;0:1,1:1
1144;0.677238;5000.000000;0:1,1:1
1145;0.769427;5000.000000;0:1,1:1
1146;0.829004;5000.000000;0:1,1:1
1147;0.794493;5000.000000;0:1,1:1
1148;0.640441;5000.000000;0:1,1:1
1149;0.672294;5000.000000;0:1,1:1
1150;0.665921;5000.000000;0:1,1:1
1151;0.965418;5000.000000;0:1,1:1
1152;0.842840;5000.000000;0:1,1:1
1153;0.641178;5000.000000;0:1,1:1
1154;0.918462;5000.000000;0:1,1:1
1155;0.785502;5000.000000;0:1,1:1
1156;0.633214;5000.000000;0:1,1:1
1157;0.738029;5000.000000;0:1,1:1
1158;0.991598;5000.000000;0:1,1:1
1159;0.642805;5000.000000;0:1,1:1
1160;0.886390;5000.000000;0:1,1:1
1161;0.926776;5000.000000;0:1,1:1
1162;0.979199;5000.000000;0:1,1:1
1163;0.865171;5000.000000;0:1,1:1
1164;0.612865;5000.000000;0:1,1:1
1165;0.856827;5000.000000;0:1,1:1
1166;0.651834;5000.000000;0:1,1:1
1167;0.660282;5000.000000;0:1,1:1
1168;0.972006;5000.000000;0:1,1:1
1169;0.787604;5000.000000;0:1,1:1
1170;0.769409;5000.000000;0:1,1:1
1171;0.954846;5000.000000;0:1,1:1
1172;0.786795;5000.000000;0:1,1:1
1173;0.948334;5000.000000;0:1,1:1
1174;0.910979;5000.000000;0:1,1:1
1175;0.857109;5000.000000;0:1,1:1
1176;0.831983;5000.000000;0:1,1:1
1177;0.610985;5000.000000;0:1,1:1
1178;0.753708;5000.000000;0:1,1:1
1179;0.812428;5000.000000;0:1,1:1
1180;0.700287;5000.000000;0:1,1:1
1181;0.969441;5000.000000;0:1,1:1
1182;0.861493;5000.000000;0:1,1:1
1183;0.808040;5000.000000;0:1,1:1
1184;0.634498;5000.000000;0:1,1:1
1185;0.621953;5000.000000;0:1,1:1
1186;0.767865;5000.000000;0:1,1:1
1187;0.631950;5000.000000;0:1,1:1
1188;0.735648;5000.000000;0:1,1:1
1189;0.793405;5000.000000;0:1,1:1
1190;0.647441;5000.000000;0:1,1:1
1191;0.996277;5000.000000;0:1,1:1
1192;0.954629;5000.000000;0:1,1:1
1193;0.914778;5000.000000;0:1,1:1
1194;0.906149;5000.000000;0:1,1:1
1195;0.930060;5000.000000;0:1,1:1
1196;0.886673;5000.000000;0:1,1:1
1197;0.765330;5000.000000;0:1,1:1
1198;0.857642;5000.000000;0:1,1:1
1199;0.944999;5000.000000;0:1,1:1
1200;0.759134;5000.000000;0:1,1:1
1201;0.659540;5000.000000;0:1,1:1
1202;0.729396;5000.000000;0:1,1:1
1203;0.904176;5000.000000;0:1,1:1
1204;0.982761;5000.000000;0:1,1:1
1205;0.883009;5000.000000;0:1,1:1
1206;0.976402;5000.000000;0:1,1:1
1207;0.783548;5000.000000;0:1,1:1
1208;0.952831;5000.000000;0:1,1:1
1209;0.862857;5000.000000;0:1,1:1
1210;0.874632;5000.000000;0:1,1:1
1211;0.619868;5000.000000;0:1,1:1
1212;0.615926;5000.000000;0:1,1:1
1213;0.693988;5000.000000;0:1,1:1
1214;0.989699;5000.000000;0:1,1:1
1215;0.911587;5000.000000;0:1,1:1
1216;0.842778;5000.000000;0:1,1:1
1217;0.955163;5000.000000;0:1,1:1
1218;0.696260;5000.000000;0:1,1:1
1219;0.742006;5000.000000;0:1,1:1
1220;0.836962;5000.000000;0:1,1:1
1221;0.630723;5000.000000;0:1,1:1
1222;0.694834;5000.000000;0:1,1:1
1223;0.717965;5000.000000;0:1,1:1
1224;0.748864;5000.000000;0:1,1:1
1225;0.963455;5000.000000;0:1,1:1
1226;0.870665;5000.000000;0:1,1:1
1227;0.798068;5000.000000;0:1,1:1
1228;0.719780;5000.000000;0:1,1:1
1229;0.670128;5000.000000;0:1,1:1
1230;0.757245;5000.000000;0:1,1:1
1231;0.886273;5000.000000;0:1,1:1
1232;0.634205;5000.000000;0:1,1:1
1233;0.879908;5000.000000;0:1,1:1
1234;0.967718;5000.000000;0:1,1:1
1235;0.794469;5000.000000;0:1,1:1
1236;0.924876;5000.000000;0:1,1:1
1237;0.889244;5000.000000;0:1,1:1
1238;0.728016;5000.000000;0:1,1:1
1239;0.824955;5000.000000;0:1,1:1
1240;0.822004;5000.000000;0:1,1:1
1241;0.626310;5000.000000;0:1,1:1
1242;0.913649;5000.000000;0:1,1:1
1243;0.939529;5000.000000;0:1,1:1
1244;0.824924;5000.000000;0:1,1:1
1245;0.784150;5000.000000;0:1,1:1
1246;0.872899;5000.000000;0:1,1:1
1247;0.742115;5000.000000;0:1,1:1
1248;0.653126;5000.000000;0:1,1:1
1249;0.819966;5000.000000;0:1,1:1
1250;0.654205;5000.000000;0:1,1:1
1251;0.762800;5000.000000;0:1,1:1
1252;0.633067;5000.000000;0:1,1:1
1253;0.891357;5000.000000;0:1,1:1
1254;0.817836;5000.000000;0:1,1:1
1255;0.659422;5000.000000;0:1,1:1
1256;0.865954;5000.000000;0:1,1:1
1257;0.795951;5000.000000;0:1,1:1
1258;0.809227;5000.000000;0:1,1:1
1259;0.937430;5000.000000;0:1,1:1
1260;0.845513;5000.000000;0:1,1:1
1261;0.661756;5000.000000;0:1,1:1
1262;0.903239;5000.000000;0:1,1:1
1263;0.627640;5000.000000;0:1,1:1
1264;0.778722;5000.000000;0:1,1:1
1265;0.883058;5000.000000;0:1,1:1
1266;0.898750;5000.000000;0:1,1:1
1267;0.727185;5000.000000;0:1,1:1
1268;0.631858;5000.000000;0:1,1:1
1269;0.874072;5000.000000;0:1,1:1
1270;0.697249;5000.000000;0:1,1:1
1271;0.952086;5000.000000;0:1,1:1
1272;0.809542;5000.000000;0:1,1:1
1273;0.914009;5000.000000;0:1,1:1
1274;0.867702;5000.000000;0:1,1:1
1275;0.692278;5000.000000;0:1,1:1
1276;0.931342;5000.000000;0:1,1:1
1277;0.859639;5000.000000;0:1,1:1
1278;0.859953;5000.000000;0:1,1:1
1279;0.673698;5000.000000;0:1,1:1
1280;0.918457;5000.000000;0:1,1:1
1281;0.986065;5000.000000;0:1,1:1
1282;0.990678;5000.000000;0:1,1:1
1283;0.629027;5000.000000;0:1,1:1
1284;0.899959;5000.000000;0:1,1:1
1285;0.636847;5000.000000;0:1,1:1
1286;0.744326;5000.000000;0:1,1:1
1287;0.990220;5000.000000;0:1,1:1
1288;0.679216;5000.000000;0:1,1:1
1289;0.814609;5000.000000;0:1,1:1
1290;0.952264;5000.000000;0:1,1:1
1291;0.744916;5000.000000;0:1,1:1
1292;0.757975;5000.000000;0:1,1:1
1293;0.689129;5000.000000;0:1,1:1
1294;0.860655;5000.000000;0:1,1:1
1295;0.753856;5000.000000;0:1,1:1
1296;0.867993;5000.000000;0:1,1:1
1297;0.824538;5000.000000;0:1,1:1
1298;0.764513;5000.000000;0:1,1:1
1299;0.943099;5000.000000;0:1,1:1
1300;0.602027;5000.000000;0:1,1:1
1301;0.712763;5000.000000;0:1,1:1
1302;0.970626;5000.000000;0:1,1:1
1303;0.829144;5000.000000;0:1,1:1
1304;0.893075;5000.000000;0:1,1:1
1305;0.722593;5000.000000;0:1,1:1
1306;0.985218;5000.000000;0:1,1:1
1307;0.938121;5000.000000;0:1,1:1
1308;0.824349;5000.000000;0:1,1:1
1309;0.945412;5000.000000;0:1,1:1
1310;0.600130;5000.000000;0:1,1:1
1311;0.825611;5000.000000;0:1,1:1
1312;0.663420;5000.000000;0:1,1:1
1313;0.713794;5000.000000;0:1,1:1
1314;0.702258;5000.000000;0:1,1:1
1315;0.792272;5000.000000;0:1,1:1
1316;0.716146;5000.000000;0:1,1:1
1317;0.774431;5000.000000;0:1,1:1
1318;0.961483;5000.000000;0:1,1:1
1319;0.953385;5000.000000;0:1,1:1
1320;0.957755;5000.000000;0:1,1:1
1321;0.808889;5000.000000;0:1,1:1
1322;0.813223;5000.000000;0:1,1:1
1323;0.672101;5000.000000;0:1,1:1
1324;0.956183;5000.000000;0:1,1:1
1325;0.961935;5000.000000;0:1,1:1
1326;0.682115;5000.000000;0:1,1:1
1327;0.832939;5000.000000;0:1,1:1
1328;0.775730;5000.000000;0:1,1:1
1329;0.658655;5000.000000;0:1,1:1
1330;0.922668;5000.000000;0:1,1:1
1331;0.953115;5000.000000;0:1,1:1
1332;0.714617;5000.000000;0:1,1:1
1333;0.633724;5000.000000;0:1,1:1
1334;0.809043;5000.000000;0:1,1:1
1335;0.757699;5000.000000;0:1,1:1
1336;0.736849;5000.000000;0:1,1:1
1337;0.693686;5000.000000;0:1,1:1
1338;0.610744;5000.000000;0:1,1:1
1339;0.736820;5000.000000;0:1,1:1
1340;0.850582;5000.000000;0:1,1:1
1341;0.883247;5000.000000;0:1,1:1
1342;0.782904;5000.000000;0:1,1:1
1343;0.784518;5000.000000;0:1,1:1
1344;0.626774;5000.000000;0:1,1:1
1345;0.819205;5000.000000;0:1,1:1
1346;0.678584;5000.000000;0:1,1:1
1347;0.639269;5000.000000;0:1,1:1
1348;0.895131;5000.000000;0:1,1:1
1349;0.826978;5000.000000;0:1,1:1
1350;0.998611;5000.000000;0:1,1:1
1351;0.668593;5000.000000;0:1,1:1
1352;0.703280;5000.000000;0:1,1:1
1353;0.828970;5000.000000;0:1,1:1
1354;0.694798;5000.000000;0:1,1:1
1355;0.631713;5000.000000;0:1,1:1
1356;0.989878;5000.000000;0:1,1:1
1357;0.876957;5000.000000;0:1,1:1
1358;0.603577;5000.000000;0:1,1:1
1359;0.725314;5000.000000;0:1,1:1
1360;0.922204;5000.000000;0:1,1:1
1361;0.940612;5000.000000;0:1,1:1
1362;0.824797;5000.000000;0:1,1:1
1363;0.665760;5000.000000;0:1,1:1
1364;0.965715;5000.000000;0:1,1:1
1365;0.906213;5000.000000;0:1,1:1
1366;0.991153;5000.000000;0:1,1:1
1367;0.936934;5000.000000;0:1,1:1
1368;0.936031;5000.000000;0:1,1:1
1369;0.840249;5000.000000;0:1,1:1
1370;0.687870;5000.000000;0:1,1:1
1371;0.924667;5000.000000;0:1,1:1
1372;0.688157;5000.000000;0:1,1:1
1373;0.929026;5000.000000;0:1,1:1
1374;0.655736;5000.000000;0:1,1:1
1375;0.612866;5000.000000;0:1,1:1
1376;0.880313;5000.000000;0:1,1:1
1377;0.977758;5000.000000;0:1,1:1
1378;0.805756;5000.000000;0:1,1:1
1379;0.668388;5000.000000;0:1,1:1
1380;0.983716;5000.000000;0:1,1:1
1381;0.974978;5000.000000;0:1,1:1
1382;0.613371;5000.000000;0:1,1:1
1383;0.669712;5000.000000;0:1,1:1
1384;0.828567;5000.000000;0:1,1:1
1385;0.698326;5000.000000;0:1,1:1
1386;0.633994;5000.000000;0:1,1:1
1387;0.774095;5000.000000;0:1,1:1
1388;0.800110;5000.000000;0:1,1:1
1389;0.855680;5000.000000;0:1,1:1
1390;0.983881;5000.000000;0:1,1:1
1391;0.907359;5000.000000;0:1,1:1
1392;0.855064;5000.000000;0:1,1:1
1393;0.606511;5000.000000;0:1,1:1
1394;0.762733;5000.000000;0:1,1:1
1395;0.682624;5000.000000;0:1,1:1
1396;0.685899;5000.000000;0:1,1:1
1397;0.745420;5000.000000;0:1,1:1
1398;0.788868;5000.000000;0:1,1:1
1399;0.960692;5000.000000;0:1,1:1
1400;0.912405;5000.000000;0:1,1:1
1401;0.853405;5000.000000;0:1,1:1
1402;0.793266;5000.000000;0:1,1:1
1403;0.706568;5000.000000;0:1,1:1
1404;0.805042;5000.000000;0:1,1:1
1405;0.722316;5000.000000;0:1,1:1
1406;0.653938;5000.000000;0:1,1:1
1407;0.987449;5000.000000;0:1,1:1
1408;0.697167;5000.000000;0:1,1:1
1409;0.777527;5000.000000;0:1,1:1
1410;0.830799;5000.000000;0:1,1:1
1411;0.821937;5000.000000;0:1,1:1
1412;0.959103;5000.000000;0:1,1:1
1413;0.827450;5000.000000;0:1,1:1
1414;0.669237;5000.000000;0:1,1:1
1415;0.684687;5000.000000;0:1,1:1
1416;0.668290;5000.000000;0:1,1:1
1417;0.848334;5000.000000;0:1,1:1
1418;0.764032;5000.000000;0:1,1:1
1419;0.793313;5000.000000;0:1,1:1
1420;0.985157;5000.000000;0:1,1:1
1421;0.676638;5000.000000;0:1,1:1
1422;0.980238;5000.000000;0:1,1:1
1423;0.988019;5000.000000;0:1,1:1
1424;0.883514;5000.000000;0:1,1:1
1425;0.822366;5000.000000;0:1,1:1
1426;0.647357;5000.000000;0:1,1:1
1427;0.916321;5000.000000;0:1,1:1
1428;0.920789;5000.000000;0:1,1:1
1429;0.724535;5000.000000;0:1,1:1
1430;0.910282;5000.000000;0:1,1:1
1431;0.833914;5000.000000;0:1,1:1
1432;0.727309;5000.000000;0:1,1:1
1433;0.991874;5000.000000;0:1,1:1
1434;0.759083;5000.000000;0:1,1:1
1435;0.824935;5000.000000;0:1,1:1
1436;0.773530;5000.000000;0:1,1:1
1437;0.677950;5000.000000;0:1,1:1
1438;0.840042;5000.000000;0:1,1:1
1439;0.689123;5000.000000;0:1,1:1
1440;0.866137;5000.000000;0:1,1:1
1441;0.735478;5000.000000;0:1,1:1
1442;0.625453;5000.000000;0:1,1:1
1443;0.607878;5000.000000;0:1,1:1
1444;0.725177;5000.000000;0:1,1:1
1445;0.656391;5000.000000;0:1,1:1
1446;0.888642;5000.000000;0:1,1:1
1447;0.846358;5000.000000;0:1,1:1
1448;0.945454;5000.000000;0:1,1:1
1449;0.676634;5000.000000;0:1,1:1
1450;0.888317;5000.000000;0:1,1:1
1451;0.672505;5000.000000;0:1,1:1
1452;0.934245;5000.000000;0:1,1:1
1453;0.666882;5000.000000;0:1,1:1
1454;0.760387;5000.000000;0:1,1:1
1455;0.942112;5000.000000;0:1,1:1
1456;0.686354;5000.000000;0:1,1:1
1457;0.800502;5000.000000;0:1,1:1
1458;0.800782;5000.000000;0:1,1:1
1459;0.936021;5000.000000;0:1,1:1
1460;0.889396;5000.000000;0:1,1:1
1461;0.910603;5000.000000;0:1,1:1
1462;0.609107;5000.000000;0:1,1:1
1463;0.694007;5000.000000;0:1,1:1
1464;0.728674;5000.000000;0:1,1:1
1465;0.966722;5000.000000;0:1,1:1
1466;0.775630;5000.000000;0:1,1:1
1467;0.880737;5000.000000;0:1,1:1
1468;0.871606;5000.000000;0:1,1:1
1469;0.970758;5000.000000;0:1,1:1
1470;0.852954;5000.000000;0:1,1:1
1471;0.643277;5000.000000;0:1,1:1
1472;0.851416;5000.000000;0:1,1:1
1473;0.967090;5000.000000;0:1,1:1
1474;0.694408;5000.000000;0:1,1:1
1475;0.905560;5000.000000;0:1,1:1
1476;0.701534;5000.000000;0:1,1:1
1477;0.735564;5000.000000;0:1,1:1
1478;0.805687;5000.000000;0:1,1:1
1479;0.966761;5000.000000;0:1,1:1
1480;0.852576;5000.000000;0:1,1:1
1481;0.684751;5000.000000;0:1,1:1
1482;0.703006;5000.000000;0:1,1:1
1483;0.691688;5000.000000;0:1,1:1
1484;0.863273;5000.000000;0:1,1:1
1485;0.982175;5000.000000;0:1,1:1
1486;0.813670;5000.000000;0:1,1:1
1487;0.696206;5000.000000;0:1,1:1
1488;0.977575;5000.000000;0:1,1:1
1489;0.794803;5000.000000;0:1,1:1
1490;0.774794;5000.000000;0:1,1:1
1491;0.713694;5000.000000;0:1,1:1
1492;0.796061;5000.000000;0:1,1:1
1493;0.664100;5000.000000;0:1,1:1
1494;0.835345;5000.000000;0:1,1:1
1495;0.839312;5000.000000;0:1,1:1
1496;0.707849;5000.000000;0:1,1:1
1497;0.810891;5000.000000;0:1,1:1
1498;0.666907;5000.000000;0:1,1:1
1499;0.706834;5000.000000;0:1,1:1
1500;0.971223;5000.000000;0:1,1:1
1501;0.966860;5000.000000;0:1,1:1
1502;0.885860;5000.000000;0:1,1:1
1503;0.639406;5000.000000;0:1,1:1
1504;0.686842;5000.000000;0:1,1:1
1505;0.763917;5000.000000;0:1,1:1
1506;0.634078;5000.000000;0:1,1:1
1507;0.934920;5000.000000;0:1,1:1
1508;0.615498;5000.000000;0:1,1:1
1509;0.883353;5000.000000;0:1,1:1
1510;0.991344;5000.000000;0:1,1:1
1511;0.604939;5000.000000;0:1,1:1
1512;0.986765;5000.000000;0:1,1:1
1513;0.726507;5000.000000;0:1,1:1
1514;0.757775;5000.000000;0:1,1:1
1515;0.638215;5000.000000;0:1,1:1
1516;0.817465;5000.000000;0:1,1:1
1517;0.607697;5000.000000;0:1,1:1
1518;0.937799;5000.000000;0:1,1:1
1519;0.671670;5000.000000;0:1,1:1
1520;0.731773;5000.000000;0:1,1:1
1521;0.804498;5000.000000;0:1,1:1
1522;0.746025;5000.000000;0:1,1:1
1523;0.831966;5000.000000;0:1,1:1
1524;0.845137;5000.000000;0:1,1:1
1525;0.753955;5000.000000;0:1,1:1
1526;0.984275;5000.000000;0:1,1:1
1527;0.931940;5000.000000;0:1,1:1
1528;0.702924;5000.000000;0:1,1:1
1529;0.638477;5000.000000;0:1,1:1
1530;0.900194;5000.000000;0:1,1:1
1531;0.878867;5000.000000;0:1,1:1
1532;0.724743;5000.000000;0:1,1:1
1533;0.965879;5000.000000;0:1,1:1
1534;0.693152;5000.000000;0:1,1:1
1535;0.953628;5000.000000;0:1,1:1
