# SensorID: rate, sensorID: rate, ...
0:1,1:2
# Id time num_sub sensor input output compute delay
0 718.467448 32 1 1 1 3200 200
1 867.258773 32 1 1 1 3200 200
2 958.614050 32 1 1 1 3200 200
3 989.378749 32 0 1 1 3200 200
4 1022.002499 32 1 1 1 3200 200
5 1057.014897 32 1 1 1 3200 200
6 1147.998819 32 0 1 1 3200 200
7 1242.461646 32 0 1 1 3200 200
8 1377.971086 32 1 1 1 3200 200
9 1388.570634 32 1 1 1 3200 200
10 1505.658333 32 1 1 1 3200 200
11 1563.292541 32 1 1 1 3200 200
12 2485.540267 32 1 1 1 3200 200
13 2955.200085 32 1 1 1 3200 200
14 3127.653532 32 1 1 1 3200 200
15 3142.554845 32 0 1 1 3200 200
16 3419.358963 32 1 1 1 3200 200
17 3670.179151 32 1 1 1 3200 200
18 3807.500237 32 0 1 1 3200 200
19 3848.465821 32 1 1 1 3200 200
20 3914.409108 32 1 1 1 3200 200
21 4062.639026 32 1 1 1 3200 200
22 4090.250132 32 1 1 1 3200 200
23 4607.005416 32 0 1 1 3200 200
24 4779.470422 32 1 1 1 3200 200
25 4868.057696 32 1 1 1 3200 200
26 4967.411495 32 1 1 1 3200 200
27 5197.306537 32 1 1 1 3200 200
28 5644.753531 32 1 1 1 3200 200
29 5662.853454 32 1 1 1 3200 200
30 5690.516667 32 1 1 1 3200 200
31 5749.829671 32 1 1 1 3200 200
32 5874.346324 32 1 1 1 3200 200
33 5899.075723 32 1 1 1 3200 200
34 6181.387590 32 1 1 1 3200 200
35 6340.262888 32 1 1 1 3200 200
36 6879.853309 32 1 1 1 3200 200
37 6880.237852 32 1 1 1 3200 200
38 6952.808934 32 1 1 1 3200 200
39 7244.706467 32 1 1 1 3200 200
40 7362.815099 32 1 1 1 3200 200
41 7495.318941 32 1 1 1 3200 200
42 7584.486279 32 1 1 1 3200 200
43 7605.848382 32 1 1 1 3200 200
44 7670.472985 32 1 1 1 3200 200
45 8118.332975 32 1 1 1 3200 200
46 8781.247001 32 1 1 1 3200 200
47 8860.168983 32 1 1 1 3200 200
48 8960.541210 32 1 1 1 3200 200
49 8992.488923 32 0 1 1 3200 200
50 9275.462237 32 1 1 1 3200 200
51 9868.840854 32 0 1 1 3200 200
52 10384.119918 32 1 1 1 3200 200
53 10728.836256 32 1 1 1 3200 200
54 11151.214614 32 1 1 1 3200 200
55 11167.877720 32 0 1 1 3200 200
56 11275.213094 32 1 1 1 3200 200
57 11421.465520 32 1 1 1 3200 200
58 11506.747514 32 1 1 1 3200 200
59 11718.395375 32 1 1 1 3200 200
60 11820.993659 32 1 1 1 3200 200
61 11824.295518 32 1 1 1 3200 200
62 11901.374543 32 1 1 1 3200 200
63 11997.649510 32 1 1 1 3200 200
64 12071.957341 32 0 1 1 3200 200
65 12096.008582 32 1 1 1 3200 200
66 12198.065202 32 0 1 1 3200 200
67 12198.729538 32 1 1 1 3200 200
68 12491.393989 32 1 1 1 3200 200
69 12872.921925 32 0 1 1 3200 200
70 13090.600328 32 1 1 1 3200 200
71 13338.056449 32 1 1 1 3200 200
72 13533.348210 32 1 1 1 3200 200
73 13567.301200 32 1 1 1 3200 200
74 13638.522698 32 1 1 1 3200 200
75 13674.437627 32 1 1 1 3200 200
76 13768.230254 32 1 1 1 3200 200
77 13896.825512 32 1 1 1 3200 200
78 13980.276596 32 1 1 1 3200 200
79 14311.493997 32 1 1 1 3200 200
80 14408.692520 32 1 1 1 3200 200
81 14866.697031 32 1 1 1 3200 200
82 15212.245161 32 1 1 1 3200 200
83 15360.636647 32 1 1 1 3200 200
84 15364.787141 32 0 1 1 3200 200
85 15563.785155 32 1 1 1 3200 200
86 15731.984415 32 0 1 1 3200 200
87 15844.100278 32 1 1 1 3200 200
88 15888.690919 32 0 1 1 3200 200
89 16039.674690 32 0 1 1 3200 200
90 16047.619194 32 1 1 1 3200 200
91 16096.056699 32 1 1 1 3200 200
92 16236.478653 32 1 1 1 3200 200
93 16269.043475 32 0 1 1 3200 200
94 16411.796108 32 1 1 1 3200 200
95 16419.903046 32 1 1 1 3200 200
96 16793.528497 32 0 1 1 3200 200
97 16970.212233 32 1 1 1 3200 200
98 17388.512127 32 0 1 1 3200 200
99 17393.306968 32 0 1 1 3200 200
