# SensorID: rate, sensorID: rate, ...
0:1,1:2
# Id time num_sub sensor input output compute delay
0 181.120255 32 1 1 1 3200 1000
1 203.620390 32 1 1 1 3200 1000
2 246.680128 32 1 1 1 3200 1000
3 258.002019 32 0 1 1 3200 1000
4 286.054139 32 1 1 1 3200 1000
5 292.169740 32 0 1 1 3200 1000
6 1189.498401 32 1 1 1 3200 1000
7 1652.408663 32 0 1 1 3200 1000
8 1760.332294 32 0 1 1 3200 1000
9 1905.254824 32 1 1 1 3200 1000
10 1967.062370 32 1 1 1 3200 1000
11 1984.477974 32 1 1 1 3200 1000
12 2131.694037 32 1 1 1 3200 1000
13 2754.157243 32 0 1 1 3200 1000
14 2989.754703 32 1 1 1 3200 1000
15 3045.173642 32 1 1 1 3200 1000
16 3058.413778 32 1 1 1 3200 1000
17 3184.691903 32 0 1 1 3200 1000
18 3606.805782 32 1 1 1 3200 1000
19 3636.514328 32 0 1 1 3200 1000
20 3717.625961 32 1 1 1 3200 1000
21 3927.961480 32 0 1 1 3200 1000
22 3946.393397 32 1 1 1 3200 1000
23 3999.402276 32 1 1 1 3200 1000
24 4080.620353 32 1 1 1 3200 1000
25 4118.796051 32 1 1 1 3200 1000
26 4244.431845 32 1 1 1 3200 1000
27 4284.767483 32 1 1 1 3200 1000
28 4383.408211 32 0 1 1 3200 1000
29 4445.648343 32 1 1 1 3200 1000
30 4639.327778 32 0 1 1 3200 1000
31 4885.527447 32 1 1 1 3200 1000
32 5038.151575 32 0 1 1 3200 1000
33 5104.656831 32 0 1 1 3200 1000
34 5162.393634 32 0 1 1 3200 1000
35 5190.162090 32 1 1 1 3200 1000
36 5366.156740 32 1 1 1 3200 1000
37 5524.550998 32 1 1 1 3200 1000
38 5635.237887 32 1 1 1 3200 1000
39 5739.678168 32 0 1 1 3200 1000
40 5922.786512 32 1 1 1 3200 1000
41 6096.331566 32 1 1 1 3200 1000
42 6196.745470 32 1 1 1 3200 1000
43 6339.917919 32 1 1 1 3200 1000
44 6380.152271 32 1 1 1 3200 1000
45 6862.945557 32 1 1 1 3200 1000
46 6880.431891 32 1 1 1 3200 1000
47 7394.047225 32 1 1 1 3200 1000
48 7744.214267 32 1 1 1 3200 1000
49 7846.141250 32 1 1 1 3200 1000
50 7944.385126 32 1 1 1 3200 1000
51 7955.027946 32 1 1 1 3200 1000
52 7997.522742 32 0 1 1 3200 1000
53 8058.908046 32 1 1 1 3200 1000
54 8166.258479 32 0 1 1 3200 1000
55 8167.482058 32 1 1 1 3200 1000
56 8178.900696 32 1 1 1 3200 1000
57 8279.339488 32 0 1 1 3200 1000
58 8300.418801 32 1 1 1 3200 1000
59 8363.397064 32 1 1 1 3200 1000
60 8741.788891 32 1 1 1 3200 1000
61 8763.373681 32 1 1 1 3200 1000
62 8919.385688 32 1 1 1 3200 1000
63 9179.216760 32 0 1 1 3200 1000
64 9188.919599 32 0 1 1 3200 1000
65 9345.168525 32 1 1 1 3200 1000
66 9398.132052 32 1 1 1 3200 1000
67 9470.694439 32 1 1 1 3200 1000
68 9579.826649 32 1 1 1 3200 1000
69 9583.575834 32 1 1 1 3200 1000
70 9880.519591 32 0 1 1 3200 1000
71 10168.392658 32 0 1 1 3200 1000
72 10336.197623 32 1 1 1 3200 1000
73 10369.833423 32 0 1 1 3200 1000
74 10422.111582 32 1 1 1 3200 1000
75 10757.897301 32 0 1 1 3200 1000
76 10862.031134 32 0 1 1 3200 1000
77 10897.551390 32 1 1 1 3200 1000
78 11068.940808 32 1 1 1 3200 1000
79 11257.774450 32 1 1 1 3200 1000
80 11568.657654 32 0 1 1 3200 1000
81 12375.694443 32 1 1 1 3200 1000
82 12385.701955 32 0 1 1 3200 1000
83 12702.955968 32 1 1 1 3200 1000
84 12851.353422 32 0 1 1 3200 1000
85 12897.489681 32 0 1 1 3200 1000
86 13098.322747 32 1 1 1 3200 1000
87 13237.438149 32 1 1 1 3200 1000
88 13431.207953 32 0 1 1 3200 1000
89 13474.955502 32 1 1 1 3200 1000
90 13772.438641 32 0 1 1 3200 1000
91 13833.053886 32 1 1 1 3200 1000
92 13896.019096 32 1 1 1 3200 1000
93 14065.767558 32 1 1 1 3200 1000
94 14390.924675 32 1 1 1 3200 1000
95 14438.872682 32 0 1 1 3200 1000
96 14554.653747 32 1 1 1 3200 1000
97 14999.011462 32 0 1 1 3200 1000
98 15005.777335 32 1 1 1 3200 1000
99 15202.670609 32 1 1 1 3200 1000
